33.42026493391523,22.19856460447402,5.064644359674687
33.23724964926723,22.301507895551925,6.286615442446053
31.413613053814554,23.345846082744465,6.576825724735183
34.39985437579761,23.100154834691498,3.6941563534499036
31.621680525022946,24.1622303495213,6.042885248752302
33.08999861953707,23.036245892409625,5.316227714087281
34.31471274223166,22.044082879478747,4.231312584614283
33.41749084881944,23.380456230632127,5.31902797267114
35.21578417692452,21.16076511931884,4.779218026710279
32.47917116486845,22.74432285159616,5.045344725524581
32.89702878969524,24.041646542468865,5.39293719006
35.10690615463879,22.386411282304685,5.830554851582425
33.32103959976161,22.906949068959808,3.1964547070743268
33.207872462294056,20.747249692611042,5.632337659456553
33.87115291282233,22.74311476040531,6.1845908243276835
32.581813992963696,21.7108427473757,6.204462254604829
33.607565997202094,23.117641128565392,7.053133371105092
33.56564997358307,21.442585850222635,5.456577944503733
31.635938971380373,22.072915391752794,5.0380157709771085
32.20710354236063,23.47765830780221,3.4683195452635034
34.2780894287072,23.319578366196176,5.272749723941417
33.43910129126599,24.24701758898465,6.347425224545981
35.03433112060211,24.14422080481197,4.763076362521897
33.28983920321197,23.333000055930103,4.490791361442537
33.58493184173709,23.15058572276209,5.100642345554792
32.744685620308935,24.43462048556613,5.572140442152988
34.903530886143635,24.571275182913972,4.6600387742181955
33.24986197440815,23.00894610750334,4.525301738761811
34.30491374683996,23.441511514423937,4.15316169995924
33.943540278277965,24.239595207399272,4.512658032568224
33.2551308452843,23.715650497207978,4.953572593298795
32.94576006573654,22.76912208285573,5.86897897586418
35.09358994301075,22.607628247350714,3.9098986494991044
33.12054086843253,22.27161910430863,5.719441750393694
33.806370049431074,21.7139620946804,7.277628106033225
33.460782553555084,23.324973749548178,7.760700495162071
32.59007046547341,22.84055511349933,6.085505826526028
32.88902339935923,24.316203956760155,5.362429375606016
33.272472669715285,22.37445589823091,4.658695028493882
34.18973318494444,23.219099538132333,6.13142682894025
33.062204076572215,24.05820430333052,4.876103484117124
32.29632895504878,22.40047524299231,5.9036937700923
34.233548737650395,23.58511270823635,3.706757524895785
33.463118430612326,21.65137532655189,6.964100017528328
34.27711162017471,24.50153675276634,4.673730442488512
33.75363630701344,22.95083301970684,5.785198222729488
33.48656029094802,22.689028643776005,3.2993599908283984
33.40258923511785,22.483183789103148,4.961175203317659
33.91855465216833,21.643659679541717,5.4201152663169525
35.34849192749716,23.30218423498783,4.717619560194643
33.82216533427396,23.017564364764084,7.212482496949223
33.140124287959665,22.040163805748534,3.972697233692235
34.432440415255215,23.142842877418236,4.690682180372998
34.24164927714771,23.475129382383052,6.56445361297604
33.72013418254518,23.01638300400454,6.632004214951527
33.40765367075991,24.882709048737027,6.079391939925106
33.09832557760024,23.107907844907036,6.777937331265946
33.30254347707023,22.488333292864162,5.213580938576057
35.43011510980699,23.02543225839723,6.4735340920802145
34.881023445312316,22.692069446951216,5.29002000809785
32.01158861242313,23.029888473054612,5.630407221023506
32.395861528457395,22.54289668426042,5.232400540550988
32.89541349159145,23.01007685454358,3.5100502345830344
34.685002306795006,24.606510863262756,5.205816514549259
33.9660578810219,22.901857797372386,4.475241052884987
34.24305151209531,23.69340503063125,3.7056764944644325
30.175043462959664,20.54471263822327,4.992632569819055
32.45688679204817,23.375976094710513,4.744062682330984
31.975571601431202,23.5668147704477,4.678615146027524
34.6105769584434,22.21997005070753,4.618821184831154
31.36868854511308,23.020868440715585,3.73433279560399
33.82476721457208,24.764394844097108,4.984376405770605
31.28588321519835,23.853871261251115,4.865448071804047
33.75108384145979,22.86835430839853,5.620119823852917
31.337614014614715,22.08452529662625,4.261578043361117
32.35375647204905,21.872421589084382,4.4343651364749475
42.996421441456135,16.399749211936037,17.139037385348438
43.1732346979185,17.179782712483885,17.670459003475152
39.79419987924307,16.467023162098652,17.76435497146805
42.52441072889449,15.844125459556745,17.859745961995618
41.23948344469345,15.04530036821539,17.95864078416024
43.09833723912841,16.061623583459106,16.982820500071085
40.762272197644435,15.396504627732575,16.68039158621493
41.90738192787974,15.555186572037409,17.033813857813968
42.74087134699096,15.644476634414177,17.67618319055879
42.74006860131892,17.335754004767153,17.899069027545213
42.43821425428999,15.512257234817266,18.305915805211832
42.48405379131634,16.26089519603979,17.688097235833357
40.682128024229925,16.357664077398546,17.75683502227771
43.02522287654346,17.141024071393055,19.168854747592654
42.39008095462553,16.916208889852086,17.624764379840688
41.47055281348419,15.610589262129846,17.234683050628696
42.67251215437475,16.0425329378021,17.23441531703841
41.53151547442828,16.351032936300964,18.338280430478672
43.58887420886287,14.827974315114183,17.072078958103244
41.37433688491834,17.28551357244442,18.140940394458426
40.124952007005554,16.14604972621163,17.37447163280022
42.127602220812015,15.639526800494258,17.5424821426284
42.107704661547814,15.334905312836062,18.26141962568771
41.097990995528164,15.639573797290758,18.258718935871556
41.33049821658333,16.556146826219724,17.69749103588793
42.680047068138535,16.079785505860375,16.431685489546986
43.556122911542616,15.008127914091025,19.70316390948051
41.86199433411871,16.708158129840307,18.47161772711399
42.792790066650355,13.892049846231826,16.630674615224475
43.110962815093615,15.892493877153909,16.935475421264677
41.893331647365756,15.462034326058497,17.05320739476558
42.19631970021531,15.188531899424603,17.347242620271263
42.358140472593426,14.485256270050243,17.727316420619037
41.828111559097124,16.055914341549297,16.24850478554467
42.234154872599284,15.07874142638899,17.157788639124682
42.707772965785274,15.10129017008064,18.435640194678232
41.84619261446671,16.7423969928669,19.10739626843205
41.45757745037379,16.173189419436955,17.56253849164585
43.39433664880804,15.763383621038825,18.056589384149625
40.84180112152635,13.84515687004948,15.423706335751602
40.93239908035526,13.764787270912143,17.072602525955613
41.87292581920777,15.34637365952538,19.346305533213663
42.29679700067319,16.035168786008654,17.50265154261545
40.84937915510243,15.054819403278389,16.922022533108326
40.90930001071465,15.396596841542072,19.221010040953008
42.65701164147505,14.99861220176219,17.346736464136526
40.759539861566694,14.254918441081967,18.888568092805095
40.64072059146196,15.22796229618612,17.99131607896209
42.90952436621582,14.770146061993993,17.110117534301956
43.01807891985591,16.167388059377007,17.90786417064824
42.430420253677354,16.841627865845094,17.586123459237044
42.009197313491214,16.434594842356066,15.750349503091849
43.598450131466585,16.52572734288867,19.72068885492552
40.759136471908974,16.125222975699725,17.1744515738255
43.34197751676554,14.693634598081607,17.509690782105007
42.88686390315031,15.688790882301838,16.264404917430298
41.58825705978911,15.047807946047987,16.594323827865466
41.2006500943303,15.350867831792522,18.4866235239619
40.78230042884476,15.83441274879692,19.676799611395186
43.88388053089174,17.55877234102364,19.439092693555175
41.01075729810705,16.56234328377359,17.886812221079868
40.00565752457402,16.587647273428406,15.978178976535558
41.30087919603597,15.851818963133763,17.427493265488128
42.22146660105345,15.147197529315202,18.90757331955652
42.0618796953196,17.297385880052282,17.25711329892883
42.83464333100259,17.22227394149951,17.61650780462626
42.82246693644524,14.319661303378277,20.57508772323486
42.51119740756497,16.546282906523714,17.54968852033808
41.227139590284466,14.653811611496906,16.70842746618324
41.53704642867932,14.91430878393446,18.007281773592005
44.07355108571929,13.85455564054754,18.686148710380664
40.73896253755032,16.72564556943843,18.081221334787575
43.02422055777436,17.414006343873922,18.81757201206745
41.12349124762636,17.229142556801325,17.94148438651086
41.00146009470692,15.862077029096893,16.990612360663857
43.04162797787357,16.09650338342232,17.087304151288084
24.362535153498676,18.513274242889864,47.88045959525104
25.22342007689652,18.640707557161402,47.172115079261026
23.47664869166009,19.998210573757753,47.751842653854894
23.145221192437432,16.97010218705419,46.83866968096994
23.959131663159976,18.47903847319513,47.85779472848401
24.27102116801983,18.28909702492619,46.568152339231645
22.877043515765493,18.835238965281714,45.99418849593975
23.9913190389752,20.166955327021935,47.08806526576688
24.111473779647508,18.448747262236108,49.26037803903819
24.20555153458182,17.419309195982,48.79974277623509
26.60347398965729,16.790253941451994,47.671616743432054
23.236715271858674,18.84753090508387,46.59004647579338
25.50057004004841,17.64324009689238,48.881866508110555
23.57825436668711,19.068127774007795,48.558393303389074
22.816183925990867,17.480875796281143,47.50020499172538
25.529207113734152,16.345647172996188,50.22642759771935
23.741938295816873,18.92857131133338,46.63657599645772
24.891919361560383,19.187012053278696,46.55641672995056
24.395317805520364,17.093746415467507,49.55976522938516
23.956107182525006,18.434308248246886,46.939183468985746
25.1778200048665,17.7331277114274,48.80483036340544
23.60622978882282,18.304482420788585,47.87242601245688
24.732494809679594,18.580051914326514,47.13331472319744
24.51877424650819,17.698159152053545,47.910942397179085
23.857005790188506,18.912555700688387,49.95977673866384
24.953478100560197,18.832983585800243,48.09952052422078
23.971864440935,18.22361710796188,47.513332317495156
21.947438346113305,18.23142871011619,46.42056765614911
23.38281943709356,18.867622820529107,47.62338691789294
24.4146650273701,18.227807979357486,46.64984140479992
24.315218331943733,18.3576881199196,49.292111458208886
22.441944550205147,17.82433554321646,47.17884800414394
25.596099678589894,19.360922579057274,47.10180018089383
23.978062876527442,18.28539867210318,46.239113467109675
23.634720880049453,17.687112515948677,48.645709091455515
23.766123117713676,17.624515223948393,48.04873786211267
24.910960021810794,19.560016368485353,48.11762183486784
23.400914370320326,17.545802153399364,46.92434933005385
24.09470055752539,19.657599958563452,47.31330434103465
25.323873016520373,18.956626440411622,47.25176893609995
24.08299013069805,18.200901376080882,47.99183879908271
24.88027395468604,17.62714614234093,47.46766155228282
23.93898264105191,17.07746145306663,46.7023561601212
24.03844873877638,18.77915890801615,47.84998067818974
22.65055878110603,19.789442598168268,46.30313011267937
24.719796036827727,18.570109405061512,47.27189749603086
24.23639623218984,20.322096474649502,47.074605586141715
24.515889255683675,19.50862164316017,44.963706075181996
24.532796058257276,19.684371037790847,47.82128167021089
24.224342839101446,20.48786419867011,48.39790054841936
24.07500627143228,21.388302902425075,47.02103620615756
23.764600662130203,20.196357172313274,49.21733522215911
24.008592918513074,18.489368326124417,47.900179787417315
24.84376728526115,17.869013627079845,48.07800724113636
24.69029706192791,16.30544012875769,48.088406239047266
26.207824201538198,17.75512492564311,48.71786863582311
23.671072433316624,19.44744122061575,47.04439911428251
23.96165215665857,19.177255981597682,47.60752822999729
25.958595843206155,16.831067826435543,46.81916361513335
23.81258015094857,19.486338022578217,46.24944503075879
23.919240728176653,16.662383077207142,48.1936953016869
24.81863759037773,16.88188371504553,46.262301073750706
25.529085126939243,19.472585391455695,45.88863489495764
23.062674990635212,18.60856820753349,47.95441360611278
25.433210991835516,18.804703044076444,48.32088511415679
26.626292657370918,17.32938182314855,47.64069616702596
24.54986749146358,17.898523599259647,47.82252268659657
24.520400310581447,19.57429226886075,46.47627744968197
22.825870030205788,18.240899467744267,48.181378936619886
23.178088684964553,19.653823737460677,47.93880601897257
24.30685952313061,18.185721414986226,49.32164031937162
23.980677520655814,19.14242312910395,48.69380829609453
23.97174871882337,19.355239184183542,47.77369838289115
23.82481730997994,18.443176524550694,46.70254353984923
25.027013710017027,17.61882301341107,46.44896727216399
24.4458682191316,18.239975304148043,46.37886895608952
5.476055041674608,41.58660469914331,40.49078553525492
5.995247448445704,42.08262092606429,40.494152646728786
4.85076061853656,41.22940050326724,38.00643884233338
5.680254370489624,40.509724518766106,39.9876867010474
6.013078791190829,40.48537178968201,38.69172067246524
5.8086665088879545,40.75297119238904,37.92455391661159
7.007590811902438,41.799840238909006,37.97800592754577
3.7348189010247888,40.88079437303679,41.30301053687947
6.323217846752566,39.976393048029635,39.70305650475731
5.732222190050445,42.573743684260336,40.0643259473303
6.42671862610465,41.24445578595366,37.64358720579521
6.500369772832178,40.629354753211,38.39475712493822
5.339736584846459,42.10557680010665,37.96710262957868
6.87250643461142,41.05562065149357,38.01383794781128
5.06852043231215,40.66537406929009,38.40240856908592
5.332775841920647,42.95453936822566,37.993500379345846
5.407277967621705,42.12135396044257,37.84157076633479
6.483222975203907,40.98586802798746,39.7886111952977
6.859347431334852,41.75592466919509,37.03404663177676
7.116903422056747,41.11130950432913,37.9017540375183
5.201392324870663,41.714665704258266,38.73732506892205
6.1297507801640565,41.12992120708147,40.519013684645536
6.442539662640676,42.03630576289843,38.69868020139032
4.483830648720232,40.91008241709734,38.16000558266559
5.0820648018245205,40.223777448167915,39.355148138127525
4.566815072954363,41.8098200232273,38.395003925048435
7.427010052731507,40.42895661862561,38.79973794825423
5.073306095576973,42.205296436612805,37.19240306740145
7.014204860940245,42.27108831242381,38.38837521537866
5.695258281809247,42.33591024696078,39.22786851628957
6.666994705795385,40.64956821025662,40.273124779991846
8.141780288618437,41.71296799922442,40.94785271273741
6.905133323863042,40.222750752860435,37.59006422376597
4.4477055753221135,41.637194671050324,38.610382377625065
6.024685690236716,42.55864413314264,38.05361915653371
5.517135153196,40.86441362825464,40.108665517157604
4.561165350302122,40.66334831520253,41.0451209281961
6.147122342534423,40.82747155613219,38.907769669139974
7.449262361756881,41.419004028716266,38.144346180821145
6.585265644366462,40.919652029046716,41.167039442373216
7.3761701643403415,40.256626972338786,37.523411305596056
6.019846304550417,39.55048878414043,39.21017064621945
6.249407639131556,39.51799236710553,39.94047067749505
8.273475363461726,39.328496069317865,38.3418786651439
5.337077784958094,41.33630342671057,39.98144756968968
6.853106099534534,40.70968173386345,37.42875140675093
7.192069567577838,42.14457533049938,39.1614492559899
5.458439655648112,39.71605150312855,38.776343641276384
5.762668968197265,41.59554113791766,39.398546739989214
7.67382372147134,40.380605214972995,38.6088395806853
7.4751239557753575,43.55991065065185,38.008014234002985
6.606390914131019,40.041858814490865,38.77688786718412
6.678776983568653,38.76778952788985,39.28264593571325
5.3105355893350055,39.29959053598919,38.9328042718991
6.3670423851658375,38.41844007818155,37.60587305972322
8.289841273167903,39.01203709019458,39.19561082784069
8.291449684432097,41.38086097366118,38.5373429083914
6.114659109932871,41.11003564758602,37.306142921508105
6.194640770271255,41.52920424134617,38.67166654267229
6.706882173548564,41.767997204063164,39.487441855063196
7.047684757461473,41.83271827729534,39.01919477745756
6.17405658035286,40.94534280463354,40.27431525016948
4.647954583194975,41.091851252665634,39.485185223516645
6.438544294251782,40.965628034606816,39.84159935844955
7.194791229255632,41.16343254211812,40.074415463712626
6.690640291769515,40.77653897769026,39.94858862610123
6.03876510332477,42.96307960662109,38.61991254010903
4.508171751042741,40.93376771845108,40.2635055893648
5.440906093793645,41.240014794753556,39.0673960508646
5.977756520547256,42.142121697217014,39.37052626633546
6.92911499599388,40.93938846162338,39.25504966037761
6.437604147997289,40.8223162073538,40.64267523971935
8.210989050850552,41.57162573240794,39.614132957859546
5.257412022772821,40.9099001517085,39.03484815168032
7.1204465827668315,42.12655863903108,39.64104563520082
5.249050626088708,39.54598148397918,38.609986302960976
42.23955417407148,44.170187426356975,12.288805692674353
40.78709212274438,42.76045632995668,13.543435647384365
41.73075390918792,42.69856585593186,11.753686737882804
42.749695518475804,43.970637319712274,12.265519450097845
41.62602108496811,42.512124347504155,13.253649297882637
41.94091281761182,42.79745364195191,14.032907672263043
40.236365951495195,42.779437853906046,13.542612821136087
40.422789239250015,42.03649674314402,14.686592639266246
41.50160827957497,45.01305945634204,13.496311345420036
40.57244013286797,44.35511283781449,13.333403843392773
42.95363917822268,44.591657345195955,13.047472916748148
41.005397190150106,43.97402350602904,12.510013383413632
41.770473962013796,42.02189574056879,13.467848760901765
42.35460467736187,44.723062688597444,13.193196571676351
42.33437004904384,43.38777499433746,12.859753543860643
42.208461671282336,42.98668554220719,14.670043888903999
41.50606361919355,45.75144442438616,14.386823513519866
42.063372763525635,42.5193384569608,13.7948671093622
41.494949861207864,41.14590678175921,13.21361679720696
41.46205082421698,43.978714604974854,13.89464477928355
40.961872735006,44.1599555473593,13.932094641403369
41.917214113221796,40.98112781143648,12.74382106292839
42.999440528679855,44.3481636107097,12.85688348901125
41.32946986443716,44.205987954193155,15.136375171668462
41.99813785247089,44.26131736121663,13.653620390913044
42.60112351916902,42.815245852940045,14.067421746694423
41.52855065059587,44.81021031965114,12.322763928995341
42.509266641291134,43.86567992119397,13.659953857213614
42.58453108931018,44.42728344520977,13.222131918785625
41.60490240966348,43.44408432215931,11.523135906128429
40.86784396927752,42.669439024112116,13.248922415936491
41.309726874565406,43.733561757568374,14.23071331598919
41.95811368553426,42.27333751330106,13.07668045916846
41.43133003484914,43.14090334306753,12.83811878168905
41.427594766252916,42.852962934573085,12.547975034771081
41.8695344734607,43.437315706706976,11.642654114136235
39.70662824305769,44.206968277202776,12.640446211104543
40.43650020771367,42.95656192942967,13.27184418148609
41.82226370876397,42.12330633559375,13.528977968543982
40.298859039294555,43.10780373037935,14.612736456387397
42.07928708281487,43.640306711433745,13.746766717973093
41.60448466801447,42.53731776123582,13.983726443598668
40.25654280770463,43.84625438770736,12.45154272312172
41.37329606551181,42.39148564371777,14.305786311856771
40.996526020130325,40.83647610119001,12.290870430279742
41.482942470949496,44.904524793036494,12.091023075477766
43.07050206628313,42.871518548116875,13.78682943578633
42.419446759664645,43.500024165545334,12.66455788005128
41.632961682328954,42.086135666943576,13.797765734382374
42.35498425354122,46.081685273049175,12.52142337308293
41.34442364307314,43.356668852431284,11.833121126834568
42.201989144808245,43.23101376004161,14.16916515382475
40.76235497746752,43.559248332489204,11.348618345221714
42.08186795734086,43.26461095021868,15.66825097704225
42.036476449477114,43.20038975956125,13.153740147132384
40.95611769890299,43.378131316962445,12.566658103405699
41.577849329566845,42.71887576481865,12.748320368961526
41.73379171667735,42.60729825445448,12.827240637672125
41.360195867041895,42.71898368507003,12.553521203192883
40.467652381468476,43.46428035002085,13.235458706823003
43.02683294874628,40.97765775575964,13.585495379078909
43.02290376362491,42.95160486696518,13.826380395692437
41.3315867239466,44.138970716439225,12.675471547297516
41.80591011748238,44.202260290305574,13.894940259865162
42.05408525439985,43.025931993608026,15.273394153069109
43.535033237662084,43.907187304457025,12.191345044993938
41.49835056359289,43.319692484308874,13.588571379344513
42.24309972845212,41.95359972916719,13.879156338471466
41.4477438987244,43.75601340232787,12.633666838454364
43.00892906106899,43.17650462602678,11.68108617463026
41.26546079097963,45.21926837747599,11.441065403910756
43.96673486065023,43.25951399550158,12.76386553914882
40.57971498080563,43.41697580561588,11.129854445476326
42.40571359355912,43.98969442242199,13.015060293102453
41.83624776085897,44.763545673194784,13.88055360847827
40.714720668400915,43.69605264415412,12.312082964371552
33.554241693957856,8.243964373192114,6.675479608867963
32.13219250762715,6.5364035494774875,4.093665051021359
34.837255754292144,5.812816597001853,6.250974231453726
32.97975945372041,7.281596472060633,4.345859324607829
33.70450086283904,7.360266998224793,4.4927792967631515
34.079833478081156,8.93199505455761,4.009079145074205
32.82492040133956,5.4690817862441845,4.800652110421408
32.32506580190561,6.249041051266286,4.412136555020097
32.202512018814986,6.90870495501774,4.957460328093227
34.26042628814329,6.709241303352608,4.673993403397067
33.473099416321375,6.571566974690086,5.601517237706594
31.30556418127449,5.490825900519016,5.521362446335885
32.48645484143987,6.653542108049748,5.715091239341087
33.077072851690396,7.179328202199654,4.002309838426856
34.14366418875892,6.795347581022026,3.833333212748994
35.04780652369997,5.488936668037125,4.6203433680298955
34.52238146358883,9.61178901992346,3.2907215493448376
33.63791041534431,7.068937349306241,5.816510341572977
33.98899732440762,6.1225892502564,5.833784163887614
33.92667971454016,5.870261885366215,4.550178697736868
33.62790808286423,7.083840923977873,6.091971563296488
32.82980060879084,5.717131377286039,4.888780067151307
33.278711591858986,4.942531125080103,4.452132034010652
33.06940824881232,6.435524688336354,4.39221979379102
33.33349528433724,6.017313674966724,5.486387434370113
33.444165010194865,8.274535971073062,6.256390367328731
35.74929221128906,7.646215782024127,5.088552893339917
32.08521733098133,6.482796971628516,4.585730100412422
32.82778879552036,5.245864378814754,5.843103021091301
33.75115767306952,6.441203716332982,4.050986867164285
34.528260751659545,7.617057463793303,4.091486914362893
32.72950014379026,7.1965832192955315,5.238961519270157
34.30183526271432,4.978032016489779,5.9131651188317775
33.106934133415706,5.922924261601564,3.1295255928531835
34.17240867777488,7.21555418307771,4.302042484947392
35.247133470805906,5.514920701670327,6.533112978031545
35.02315951012693,4.574972961106049,3.231375084374056
34.863404592043274,6.457982946542007,5.125123677580783
32.3443156655627,6.391357719450679,3.43108271043383
33.165935151135834,8.136734242406844,5.710369643928483
31.87101874524485,4.963808278043381,5.564270388999427
31.848851702066426,7.216459807178891,1.8079964161527484
33.78821364716169,5.660082693079103,4.367198045764436
35.35904533058221,5.961765566277601,4.782217626901286
31.88379160385782,5.5915332690558,5.001684914867683
31.891504630440497,7.752133748087451,4.619400450296952
34.20304240156374,5.718215307244269,4.3335929642045645
33.58858810755145,6.2679554244172655,4.683722583833449
33.27940120431372,5.082086600353635,2.9384315683914464
34.63647153197362,5.916072368251317,5.873817545000268
32.06699889504439,6.831562042494384,4.986663042057184
32.50163355932545,7.222607780250964,4.654689692090377
33.69562428480062,6.881250400241509,4.304954002033566
33.778557608622,8.192504964285098,1.818479797724311
35.34355573780875,7.480396278908982,3.6818198439964274
34.3404131509951,5.572577699374275,5.324192589655621
34.286946360002155,6.207440373424352,4.1895295076448535
33.52337263864949,6.417078337042279,4.784482457259387
32.63941501751403,6.0951037983260825,4.130451983617539
33.0645127283982,6.645952004408962,3.278302286878339
32.10052945190234,7.643471072098357,3.195699523469119
33.58558909355283,7.627338846568735,4.897328809157013
34.2678743545939,5.080977218710613,6.367091798822383
33.853796760563974,7.999722317666201,3.803979646826467
33.47974116094224,6.4079091564311375,4.666488737122125
34.62053630988843,5.2485174642405505,3.649468069535226
34.813183038590275,6.661812062714564,4.896661991535499
33.38879835357687,6.552963070678446,3.7297064873924044
33.64430507599809,7.382365751743676,4.395946134327106
33.59026050661669,7.519935850448062,3.6071349688166787
34.780614450248336,8.261070060181455,4.507002991523773
32.88256933229048,7.481673164090018,6.595789943143818
32.53559279781701,8.155135206299096,4.337310527112826
33.46664630866909,6.324382253994519,4.038850213771424
32.90960979190736,7.113085730793692,4.281992084114535
36.14912018875097,7.350670402134434,6.107973599826552
14.050501341896721,46.027217677784535,6.84139839447072
12.764224054045833,45.45273203104961,9.280899955257086
12.5717420461127,45.77928615642196,8.912158862266615
11.838117175182726,46.61293780273071,8.836869169053472
14.202890181333387,46.34037976609903,7.022259003192855
15.402806034110426,48.23717296586345,7.09328293399239
13.562616690248811,45.06770201813596,6.329400146147332
14.780108654091272,47.14312090742072,10.573785817620728
15.2149542421152,46.98400270939917,9.030036321043571
13.186586706078522,46.633900536692636,6.758644196345414
11.918041710888637,44.00836425932262,7.368484819309908
14.53242785790148,45.221803341236395,9.215667757367994
14.452396368798924,45.16265365673084,6.397688765749079
13.033364909024796,45.742335659090756,7.2462669784126135
13.99691595175225,45.637603799593684,7.270308276791388
12.53573737393382,44.00359341433369,8.31121519166105
10.7050226734063,45.64526130672268,8.790386275176509
12.56275741498445,45.66543525631219,7.9048737173987424
13.169505920259295,44.67734409412585,7.766072223946719
14.925842708506568,46.259954003064905,7.607521746179287
14.558702585281553,47.20769253191771,6.027911556404421
13.718808980260222,45.357845346562804,7.004112765593578
13.676692996523316,46.12079994136289,7.33988499123817
12.925330958827919,45.06194582258273,7.359307256212155
13.841153247039244,45.685046382750556,6.498352779060244
14.408969653532418,44.997580364130464,7.072108562506201
14.61363365302127,44.256111546375564,9.661732943599995
13.225006509783372,46.81819986490873,7.114474547030185
13.99750076839448,46.41006903311477,7.237476875018268
14.089538050582195,45.37152998698486,7.508040907830228
15.214410156925203,46.452154944101125,5.737506159317567
12.388008730648105,45.929374928124865,6.732951133464695
12.925456671760333,44.22659788588429,8.548952970509937
13.567937585765389,47.45354297004831,6.21303163734036
13.439258584181246,45.28405588356317,10.447337464843217
12.196269217805412,44.466366371616076,6.473249099347919
13.890437577535405,46.73521992439039,7.82811188098826
14.858962857954806,46.934558920548504,7.343623590876829
10.349155479238105,43.917712541406736,10.491436369636334
14.764296851762678,45.43964912255669,7.0090626613172455
14.006745913659442,45.45350554238651,8.441248782263706
12.307147830879503,45.47591909897972,8.024591512321576
13.659019361720533,46.19771088201909,7.260226831720111
13.417481959716202,45.67389392465549,7.187045172199052
14.149212604200635,44.87508183748427,7.315771068777182
12.872452320883882,47.167276379650275,8.360185330520448
11.593677230406286,44.95496441439238,8.099682966675793
13.804251398925757,46.03380355272173,7.266106150703579
12.285032241496188,44.15473437974507,8.297066734414976
12.624555876373996,47.200853023375494,8.917161086100846
13.796062859542186,45.48520074015279,8.055109415106685
12.780293717734061,46.87447630790796,10.032267047032704
14.2444713687038,46.73347831794563,7.564116487481774
12.81573342928493,46.92546660493887,7.328507711125097
15.23224049013654,46.19644326960286,8.183276890984757
13.194610775011567,45.15207434063092,8.747038878127945
13.138682572621603,45.495759913803994,9.275130049484995
12.128425559413131,45.36456015713427,7.832228118105951
15.271003850600462,45.47747456841326,8.346630894818706
11.633027924370849,46.2983222239105,6.847641138949541
15.11316494472793,45.534838796763125,6.573441498468666
14.940681434729886,44.8627817508985,6.286656621267694
15.780970045028976,47.06918886530522,9.512933319490818
13.856584554252375,46.1053570920062,7.312808938094618
12.977490985755043,47.18748227306024,7.312629512142542
13.413833586551668,46.349425611332535,8.414596681141957
14.421876109247737,45.92341268528882,8.799922200944414
14.088642133022523,45.797215770452155,7.592779741780504
13.445516882430887,46.85456833751549,7.413640227673876
12.500167371178094,44.415217156000615,8.109866100859042
14.372259729697952,46.101696685323475,6.105143164543058
14.554694867366592,46.445129711677154,7.0881149535801455
14.840370848404277,47.084332220273296,7.8632021138188595
13.062697263812733,44.55294723595203,6.44234172692698
12.922424547400707,45.843617322339945,6.525171918516173
13.279635416962954,46.073960686407894,8.764018032441662
34.390633954331385,45.13766341343728,9.112189078846011
34.572909808466854,43.70656125285803,8.405297765863441
36.25038466739752,45.58803848842393,9.068081531327046
35.67329006753121,44.2553386492279,7.147061621611572
34.975694881719434,42.46869787321234,7.986339977445607
36.28089805482003,44.37545386865223,8.069953617704716
34.250318475676345,45.087805337864935,9.850520871116416
32.359795330581655,43.301330976597285,10.032082652472209
34.512030108974656,44.883684002072506,9.160321652974615
35.52988044786648,44.88518999830126,9.232953545358773
35.27712767097787,43.659601840465875,8.788414785308639
33.58451566490287,43.66504350220508,8.457068865383315
34.24785216111207,44.36814123704413,9.354126331624387
35.009931432781585,44.84524744617446,8.905620695090617
34.703413671728214,45.27065020220097,6.504789115943572
35.09815673443754,45.093046466333846,9.034477409198496
32.94558077904557,43.897615891880825,7.817030252193292
36.81845797648013,44.368811447892305,9.705799696589134
35.673328458513765,42.12433509016135,9.321809586209522
36.31519497058328,43.4609694803331,9.242339956269518
35.24513908627147,44.608666829855416,8.150974130356639
34.54803187287742,46.47091349147087,9.567217960021736
34.317591461070116,44.24641712500396,8.297023940296171
33.80887683110457,44.30072791688725,7.334774009666034
34.96797997671587,45.26027465499133,9.453035148593553
34.802546471906105,42.96695082952469,11.136832450524386
35.20995863309943,44.10899728868364,8.977452301660092
36.27109870003156,44.141291409386085,9.130990655918557
36.96885232553278,44.88077239108258,9.163767661547931
33.43470314868208,44.16172118561828,9.501386042672245
35.201537317622744,44.882946142251164,7.787158926366116
33.55094965622213,44.21430820540895,7.680267338059769
34.31907411770714,43.604345223025476,6.675707520214182
33.92095056663968,44.336722943488994,7.514662911960091
34.36421101967993,44.562121455168246,9.618840281572355
34.83404181099412,44.45019437007895,8.304644038898061
34.17657687675213,45.179822646145354,10.274872158231641
34.10657830665712,46.380963031453874,7.866859961658604
34.426313532807356,44.761905034460455,10.289365172685642
33.54364672610182,44.299907062400415,8.278217167859474
33.99036085831761,45.13038826094622,9.11356942471413
35.6452813897135,43.93544827872473,8.646207150227672
36.555934294891216,43.10232293108799,7.845808404112036
36.708226029843914,42.84454292898271,7.288523531552761
33.32699826403924,45.23653672039755,9.823711677951913
35.44349128585179,44.78663470303196,9.26256649535006
34.92689189329297,44.320261310831484,7.482602802094551
34.40237230365873,44.452611768590785,8.02277565247538
33.42065765081669,44.38224504826059,7.630128628936559
34.444554004247635,44.72833693211467,8.608987879086754
34.7251246464716,45.273243075230006,8.28502294664571
33.421563979667106,42.66609372499622,10.30757837837527
36.631031566070256,44.9754928378043,9.374073687890496
34.02854236430113,44.09483250588434,8.751660009670145
32.36473006094593,44.687336676565444,9.168701153571565
35.42987401927763,44.166103788470785,9.51149412358896
34.488586497677026,42.01415410370259,7.834463804061557
35.58964060931572,42.82998153679536,8.981270000425578
36.69979332720803,43.86409776787451,9.007572983114782
35.074360891695484,45.291887945721314,8.16164076883205
33.627327967777205,44.731050019857385,10.209434046840753
35.36300490666896,43.87348281852421,9.214178393395985
33.90342800387577,42.0956295168863,7.565140915200825
35.00202458156094,42.09502404071779,7.38921015718064
34.684512348715906,43.66911954888986,10.497664202486733
34.12697688748934,45.684654746866215,8.44341098869526
33.95866593182102,43.965919343008736,8.606069647227093
36.821363462300624,45.843522206825526,8.216616927212423
36.153241154103206,43.81067876036376,7.507970344268576
33.19543647796559,42.87733250557728,9.068001645806161
36.24935491415971,43.53755515960739,8.258659181627767
35.50667579317144,44.69101656097001,7.614269919022342
33.459912080755196,44.94121659277762,9.22247172340271
35.68910960942134,44.055389117339644,8.705971402514308
33.97562545068872,43.26147015074296,8.15666223587242
33.61684631572999,44.902390862572275,7.963047365351046
3.1282431709571084,14.97702576293737,6.427834219708799
4.049695634745251,14.184793327373274,6.403964828557295
6.239696893770508,15.740801109433049,4.778713346559161
3.8664062217217645,15.270765183110164,6.422198702745153
3.5086367321597085,17.106385317003667,4.577948063395511
4.000576550373053,13.598904896840402,5.234748788395519
4.950148468863335,15.57717202156829,7.363342440645363
3.7866260152733417,14.306364452129223,4.8509633314961045
5.351664796023177,13.203094200732716,4.271919851714458
4.3473689612771445,13.363010959033996,4.512858176862127
6.052975482931459,14.924088215908101,3.53291763729033
5.090774162075201,15.888239880524777,3.7942852873734436
3.9110396459857193,14.397831006628342,4.511011991837022
0.9873222535790735,13.500780389291352,5.488796844442743
4.48934302948296,14.907395001651835,5.268880204652634
3.5892969461297577,16.446166686896433,5.0652018046095515
5.151612946155765,16.316400429769473,3.7821852250718733
4.418140660238348,15.239251710883735,6.932591706816817
4.426777775364393,15.77667183136926,5.287766035047328
3.1440417133174083,14.069180127929286,5.3589873957836955
4.243402893815229,14.820697620036757,2.9341519919015724
2.559018818125623,14.59680304931157,2.918625024325171
4.375483769274549,13.814317966926769,5.786832602905654
4.10565428660825,15.440792672019374,4.556195226959376
5.212831144022949,15.591574194035273,6.356146553355551
3.970917477252486,15.430868458384019,4.043476993998065
3.5453281765895235,14.966417316546252,5.203109577982719
5.524996613099924,14.940445407200194,3.9741019092524072
4.408229348299321,13.41399661826753,4.899912112341641
4.421608183267074,16.305786599107076,5.102687874842916
4.047559121010779,16.619212183775215,4.8033630555176545
3.5937935486203396,13.984832928443815,4.470911240728968
3.0781259682023903,14.38205874100856,4.015196930624173
3.1085447861842086,14.412796463602856,4.960170686685356
3.631134104483887,14.37698788996014,6.000503717345914
3.3659601014966123,14.88760194099112,4.698563489404301
5.3922726905179115,16.17633777234366,4.638608354933994
2.5481036636460885,12.687451427841996,6.140245260942154
1.6961037112683348,15.019201997147226,5.49781773817122
4.279227179685953,14.851674565595854,4.355812058662043
4.58593575188039,15.982106975959889,5.4251898669448835
2.405378370970947,16.212751022257734,2.9361916528058014
4.327243018093912,13.390055721913336,5.62267520222603
5.247658229018049,14.608496635672761,4.274975877511178
4.648057398590468,15.1092782258903,4.4885441897661735
4.017437176835767,16.216602573222023,6.009761981763276
1.9721534287347389,16.8590742117152,6.083997694036848
4.188433140046129,15.429418844039699,3.8501808107318745
4.776399393592242,15.212222264251615,4.557344748530405
3.1967935447970337,15.018220489138805,3.435074251400205
4.399950101562435,14.600670107599328,3.966516204660244
5.10381978650701,16.093998335089992,3.2907541603652377
2.8600822285968936,13.981758831194291,4.569738415873991
4.793737818773712,16.05462762561614,5.033621785951936
4.763969877302589,15.839619834095418,5.291101428435396
2.282984776908942,15.729342734465575,5.737479591558175
3.0137697021789647,13.708844112883051,4.129159606481287
6.061826811977127,14.509799409353704,5.5900773229377005
3.2159904110827395,13.983993085857676,3.9265716931380927
3.785754624565164,14.643132213166833,3.349061149323626
5.514519338525568,15.161362175059438,3.8957727566292286
3.015659196944114,13.452865658516364,4.811054080796937
3.1249093342809937,13.447022581458445,4.362450383147284
4.88233446748599,13.899537894482112,4.8591117044852306
4.629449057258411,17.91658473000623,3.9120063745585774
2.9869395105926033,14.317848787905644,7.724739063350155
4.754702605293165,15.478652968686314,4.957333202965382
2.2697217693089593,16.617439597634867,3.5437014487880276
4.743740073592692,14.722258651824873,5.733357879533223
4.410098085386705,17.18780596858207,1.9018698026955732
3.9395963404475176,12.869739623138951,5.117012211687675
2.7377754043092213,16.829768103498896,5.251758505374906
5.854817776796568,15.02690338440367,4.033353808695153
3.3967507136715867,13.9615682858697,4.301775040582396
4.578036451868527,14.673346549268064,4.86968408761082
3.8021083501601023,15.168944540552234,3.529226799374424
35.04915174453959,44.19889117534971,37.70132250492222
34.84718940388153,44.79432595745353,37.64362982181152
31.89665889152643,44.122880412916764,35.281877106622716
33.30742323176089,44.786321170184266,36.38615378079131
31.62390596036516,45.821570909888194,36.44072438358614
33.481308107354906,45.89238901561748,34.81459088970611
31.49213427461351,44.737406626145884,36.10022105462336
32.54306630200274,44.33189163999016,36.63353724166621
32.38174506717282,45.64970272805289,37.293302748621734
31.849350580964003,43.77125487322215,37.300805145056174
33.94246306195526,46.57232718639535,37.229203858858554
33.03275416185988,45.23396845401816,37.3348741181076
32.60459749533636,46.41041003886444,34.96979266741798
33.01892128414087,46.99314040662546,37.09147659272415
34.37319665028818,44.60725979337639,36.64623419878462
34.21782148443933,46.17090075237045,35.68162473072549
32.44238758042585,45.63862032764137,35.55931223323044
33.241071174272506,43.70854024541732,36.58539977976212
32.561282163327526,45.830002203023284,37.07099415181069
32.408819240528004,42.838890056771774,33.80518674159372
34.18966615448402,45.708248051464274,36.17313076797785
32.44839155568456,44.28124205352153,36.13528426142674
31.20668872296428,45.30022874648786,35.72733472952629
31.755711113437595,44.410437818830914,35.6927561445783
32.41903033552614,46.60726385304391,36.50032773691743
33.967715782789305,45.318261871242456,37.55394456265715
32.44038685264188,45.611938085972525,36.53595991489826
32.33067056195521,44.16315728757861,35.80217155214171
32.78712986001056,46.90074480572323,36.09344726705794
34.38539417282885,44.052679198008754,36.42226132706261
35.32435020067258,44.06735412603608,35.708885739266165
35.36048228456646,43.84740710576713,37.27992879272599
32.38403768640734,44.7038517970365,37.40766376924626
34.38520883719521,45.127299887818175,37.764468915817844
34.84200848232001,44.611630456771344,38.31610467871402
33.66227569531487,45.127868115044016,35.139826522302606
33.354064149844014,45.35070627168775,33.93519451762836
33.874140695378614,43.959172987550176,36.00185871288166
33.14779363654864,43.68317426514698,35.692303248405764
32.83321773503284,44.30494537804643,36.95905819146472
31.743880650017537,45.52499323178626,36.07915089963638
31.212974082417503,46.521569369853715,35.52067201170589
34.228120500953,45.31004595077628,36.87378226420436
33.160018218014564,45.332290663367615,35.7406483264357
32.91143602981359,44.66543222633195,37.2183802322482
32.63587487710017,45.95301928060954,36.158105127947216
33.481176299327416,44.81059533621442,34.060007304380825
33.759409197849855,47.357279885547506,36.38484088774505
32.25910499356274,43.61993784349699,36.22836655987192
34.267753359346166,44.23255528540962,36.472875542280015
35.06581615381084,46.59367601398088,35.05877510578729
33.17388751666659,45.42241835861083,35.84329045037102
34.13197613499313,45.00172290138989,35.912584224090736
31.71804991850877,43.382978499604164,37.19224794499564
33.613790994447626,45.13113019126202,33.71784171340126
31.63045112337421,45.99896706322279,35.826895783973995
31.30123815522046,44.61503185020014,34.39606353522029
33.64241993411854,47.01353562198916,35.02822125317031
33.30270205430911,45.78452053557073,38.16743551911422
33.54205686290963,45.947199965906755,36.79072185977947
33.242921372018436,45.093668272259215,37.2821510957892
33.52887485168486,44.232373852991174,36.51327287119614
33.77703509901454,46.84675393270078,37.21493374531984
31.875487682927496,46.36358639839121,35.991159870551634
33.65325343293387,44.70024784592708,36.93486225526281
33.14162045049753,44.92950063589153,36.03824848437936
32.352393891643,44.34601739150045,36.65736774469541
31.999096775169665,46.79903807945073,36.495474088577986
33.519262802020606,44.383664901599005,37.71791046414479
33.02929543431588,44.9037809970387,36.42844032126347
33.15248246341184,45.59123885991413,36.9930224177522
33.006578760761386,45.44270572659899,35.82131875903784
35.61938822801888,45.68233821139298,34.409344176173285
33.92931878659829,44.093660485974695,37.47655236760296
32.91028461968681,46.2349543823368,38.80099415659891
33.66163048736107,45.48430435830271,35.886724868443864
28.64063272215108,46.41484453054698,14.292939642836169
27.006966301841416,45.29721337728005,15.16844208963484
29.524779502442467,45.36857705495599,14.895607144687398
29.453310667444708,46.44551437796673,15.516697165469829
29.0084726679592,45.86202964125376,15.151396173012872
29.012514825279464,48.7286714322546,14.720912471644004
26.53307562806913,44.8443542943956,13.972322792125242
29.782123864387486,45.5267577420834,16.343443900877773
29.29045938947206,46.14149431447487,15.92895438250484
28.027946233623254,44.70963001557343,13.323281250308474
27.39460808558361,47.49070411955666,14.69232983102209
28.312149346164897,46.45941442732232,14.164834252424573
26.614449125390262,43.72805579208962,14.88379669018394
28.29852945238557,44.027482310265896,14.155643807066646
27.790375229690316,47.1678044617206,16.182207879717946
29.716378423226878,46.0758036641068,17.07244435818163
28.668666745889542,46.82818504518262,13.827825613664213
27.275466476925512,44.401674186960385,16.32959851145854
30.253117045167492,46.89045864173448,15.481468771220962
29.45904229867573,45.74552035368797,17.204909044434036
28.35333718030799,44.524592198477784,15.269879792052626
28.577007824409016,44.65953680822002,15.017385553763804
27.775797274064246,47.380312920594776,15.183462014757671
27.720930944735933,45.28067275294552,16.05749299703693
27.365004309024652,46.487573554979654,14.435074153798627
27.707785631611475,45.41239558066121,14.985908835159298
28.44121544464034,45.505671842092276,13.024801845687604
28.85813038923604,46.25895997113608,14.78901707066625
28.134189093684828,44.99525393963524,14.170141840218454
27.05765594138609,45.18021176693926,14.68785699778815
27.940071665629546,44.635415245369074,17.327744977675792
26.834460217493724,45.882087350482855,15.223124112520162
27.347865703198206,45.906102467810996,12.524143640832813
28.662055663785715,45.96665377064698,14.711319641812366
26.964189589859824,47.10227199615759,14.366479547362752
28.353286346130247,45.687480624639115,15.190102512072036
27.688517019520983,46.93795635670661,14.925936607730225
29.9101366903527,45.41729985452367,16.099765897184202
28.32852925102537,44.37530200748116,14.902978562087128
29.93043446858423,44.87240533627303,17.81351061748183
26.6262398220675,46.34672806974718,14.609920764658824
30.60023255413548,44.54574183074274,14.799789975748672
27.31498288278436,46.417410808516166,16.206732611575983
30.12384617190693,44.35463381516361,13.991996811484906
28.495666280846855,46.65696572062497,14.001874988544175
27.88830765846525,47.6155982149016,14.908965205211864
27.973740300935976,47.08840290743141,14.073177594227957
28.87365771871182,46.588329980966584,15.714743067379475
29.25994022105999,45.957962739720365,14.059697626919206
28.88827212060049,45.331176606815966,14.414447649887922
29.869075068367536,47.11594077784137,14.769023980232223
28.265805875242904,46.19901613911095,14.558191225048779
29.564514493095984,44.88345394148404,16.280464778630787
28.371158845204533,44.779013499585076,16.44044805388753
28.415749875613333,45.91408547233137,14.291990579242041
28.470403871264967,45.40040623419029,16.901936071951752
26.070942372830174,45.99494713628594,14.872656434314434
29.399302398026997,45.754989317846366,13.958444792370873
27.65003071805725,46.34549282813045,13.516546972631721
26.330664647967318,46.58704386010695,14.866406316166191
30.000798291611616,45.035106477785114,14.451676188631993
28.49482884513672,45.51684046722978,12.896761107094049
27.786036843124872,47.11112203578188,15.671447548458456
28.537164502109224,46.84156906460632,15.550735624429686
27.004296640270706,44.21946990697303,15.981574173305134
26.16474892133387,44.481541561614144,15.459340593370676
30.483556688874035,46.02516419514324,14.659633438355337
27.251894006114952,46.581439846324166,14.995043494052684
29.980649820994394,45.561431716152434,14.387146378541818
27.67896146337914,45.901283160181066,14.733128370629373
29.266149762327807,46.81447718774517,15.080039499507595
29.491731726251295,44.287043049563536,15.183918321514954
28.222442556037585,45.72018980411719,14.327404591357256
28.385203006060042,46.12096651736944,14.657385018269617
26.317179297034222,46.7137301520669,14.537325284203567
28.69512191643924,46.36977960987513,13.032097272839259
18.007881136843793,6.10800397784439,18.624749569989966
18.824963493473465,5.645596423807176,20.745576406481817
19.59676464951234,5.190580637517987,21.063825962406213
21.434942228435535,4.481865717243179,20.121065914360685
19.02551967015213,3.5546629997993975,20.550067022721052
19.527672666299264,4.595793777884318,20.87105925742056
19.331854324861887,4.8103641109129835,20.958650836053042
19.656330164142922,5.338182825219292,20.497322090526637
19.59235130770158,3.701224287660218,20.727038993369984
18.563195632016352,5.523152298771567,21.218626745541187
18.330485507124898,4.62958601149628,21.080466129283845
17.817359074460757,3.1700047948712466,21.052372135669017
17.806524443088396,5.732651988969581,21.34441844792234
19.37806589709851,4.418127306740741,20.172975213525454
19.968208473592245,5.048737774696468,19.004937066805272
17.943324067223347,3.635309211999089,21.129991798905376
16.985154707374075,5.10453793461029,21.38439085314465
19.120482342944264,3.4951227038198116,21.34341314770131
18.7049792850957,4.842938079267639,18.723053688684267
20.931884907560978,3.9790143339927497,19.907546977791924
20.040180608672205,5.063889500927047,20.250672711793644
17.80668450959258,5.512201253228918,20.056552865302827
20.001327717630893,5.06548401083266,19.373461786051713
20.420019487322957,4.344168204412023,21.534805241762488
19.66198034485661,3.6285967419005614,20.244662632862727
18.25939293396518,3.9878759171127154,20.058248712726357
17.037521508420088,4.3298201056630035,19.91186226645954
18.889246112708516,3.968114632659124,20.654424784789196
19.826026658154767,4.80234930057258,19.57468173633458
19.349083201196233,3.220051989465942,18.806074742755147
20.568746233150694,4.490836794508067,19.72155363422545
19.378544512642176,4.313160334182767,21.128609509059906
19.368894670953683,5.726164010700476,19.395457854408523
17.849420522460758,4.091846481049724,20.643460640027115
18.985843855816277,5.886116235973682,19.899192815358003
19.86413018244221,5.129161854492746,21.048669813113772
19.020448118274444,6.243183007561422,21.120837269906396
17.890447976791208,4.2537857575377505,20.222098080422075
17.234011793787047,4.72732818658515,21.470255489378744
19.228090775898828,6.50925252045224,19.008910131561695
18.175280610498803,5.10858751066567,20.868511403178704
19.47335741829109,5.543960443298356,20.940889024379864
20.6340065917666,6.3573242739369675,19.71600450703826
20.140595231341678,5.51208758709491,19.831737061995796
18.925887643238674,3.8494560105348,20.797171305920326
18.078258444598575,4.799309180662515,18.96158791312223
20.18043681110356,5.543226631704157,20.320116937858238
18.413274943303215,7.498699073611146,19.57190866992727
18.912265418853995,5.036870741988424,19.30496436060757
20.067308696731796,5.694710133961696,20.08974275131784
19.285326535548972,4.16057233183068,19.944766230842678
19.160612122399133,2.4125378979099685,19.00561606527179
19.2046925538194,5.689895566487794,20.749861209121477
17.788760500126497,5.774848030784867,19.395507345508882
18.475430778800444,5.485392009988745,19.9404531036714
19.006114774158792,4.654708076642403,20.41497777024252
18.72753177019317,6.167261369560504,19.45624037864034
19.511303392265326,4.6063186433746495,20.10075398485138
19.01747203694477,5.263275172412717,21.082210809292974
18.624568458110765,4.020397432881944,19.27611931097671
18.938266921701846,5.709931447220184,21.430246898285603
19.600480259432988,3.6656253847040245,19.669770010749993
19.201154355303913,5.8693629324597865,18.912681590267056
17.074877113915424,5.712866503348726,19.249380117873304
20.909744437653234,4.500792781356241,19.1855524805879
17.634005284422763,5.351213938852048,20.867763151055613
17.72142042056942,3.738611129457592,19.44411957837084
19.00769293194766,4.539368266452247,20.58225945571145
17.97358548387556,3.131111693748669,20.804286464131078
17.860352795856077,6.729730003927134,19.56507173687443
18.94505787066661,5.292754768860833,20.697433183224796
19.912701721763078,4.476446903643176,20.961249170290582
19.194967226763048,5.573119899523671,20.634475540062144
18.602179725000667,5.238195978624541,20.84861069824422
17.630037207790338,5.4409008842894275,19.763495080492355
20.031118090228127,4.752138907001314,21.36691550596007
38.320446564488044,40.195099178499,5.438719062798035
37.000594348566466,40.552810082456595,6.120097581634238
38.95220071688604,40.267413054789465,4.771758574004699
39.55329458342788,39.28231720730267,5.1752866952970225
37.865219058274505,40.89180167640637,4.596821226281097
38.2719324958784,41.6368213889586,5.592203160848447
37.817391979060204,41.20015706750863,6.490966673191644
37.99208273783236,41.27550864440865,5.986275014936933
40.370237941929034,42.73843915684186,4.76357231829972
38.102065944439325,39.84655661559881,5.185817907870738
38.14140052680674,41.18189490524648,4.772790216675254
37.98347147389748,39.18897754365168,5.4775534130697405
38.609926260254824,39.83684928374234,5.963914219712729
38.20569899554564,39.10141569305534,4.296327034312124
36.703102226749635,40.6224286586215,4.782024483605964
38.45517977398799,40.19079977776767,5.804561524034856
38.968508640138985,41.02627459418378,5.384817525719209
38.87227142049233,40.71133957209877,5.458860766508459
39.27567090847671,40.039742511811326,6.803214599109902
39.3589066484038,40.29163042176624,5.609955156350951
38.93611758670548,39.55565922205306,4.047638209647524
39.37424909903292,39.996425210727274,5.720687564973877
38.44509898490409,40.64505020760554,4.765321609386962
37.30851283494589,39.03455263810082,4.241031477343876
39.08778939417038,40.175628005210896,4.532252192543893
40.624471750950484,39.32915418202752,5.456085402997937
39.72623289328656,43.0988464793067,6.315979014128275
36.76313132633141,39.311250026683204,4.465061237572481
40.91848804630725,40.136978573227985,5.317576584344507
39.947167439337406,41.35330950213554,7.267331470060647
39.23679805141823,40.289530998031516,3.494373981975511
38.34257726657143,41.5006788710968,5.2773076461769
37.75178432380775,40.482483380896035,4.146288304988248
40.83723276536015,38.77681468423809,6.646496867248949
39.29196896654417,41.67992718450229,5.075832491946775
41.44429816555156,39.95987641642363,5.979167286899819
39.22664852295824,40.54421688065352,2.6368737472388193
39.390947727362075,40.388647053838994,6.045407740066642
38.227773224325446,42.19901558934676,4.6421112894873815
39.48657566664349,39.52753117380817,9.178832344427295
37.53575392989421,39.490109684462965,5.939219495964963
39.33441735532128,39.99387464020958,4.532635866624433
39.66194644196402,41.018893032109354,5.501523377313056
39.6228333652745,40.47822090768681,5.00187237033943
38.05636368475569,39.84864317385792,3.711919439645783
39.47247533764372,40.757992513350615,5.287643308539799
39.15082396580207,40.344115461041945,4.99687992272942
41.202541147568375,39.66026195933834,5.468059404913897
38.847717858930885,41.112825338116984,4.2081682720950955
37.285324507261954,39.817157377154466,4.3716750513668705
40.25864150822292,39.51316578353192,5.317246976314071
39.026232224482534,39.88419333591204,3.8542925411838764
38.59774485906582,39.43074916091925,5.231544770466516
38.26792226800363,39.410718793365724,4.320856404186335
38.76675555195512,41.03134451889963,5.745590015580859
37.61712338182374,40.939481961962265,7.407424123633543
38.89757792885682,40.52918963920028,5.399183907896605
38.849126159777946,40.192424081977094,4.650066886239032
39.01702307138233,40.74915732016355,4.131065851074632
39.23450007975829,40.45855183376076,3.7884444725048416
37.05183717437907,41.1331016057333,4.985284784630665
38.842984262045185,39.732352618666745,5.148003638794991
38.96723658480682,40.96629371705922,5.237868933959983
38.928604410947095,41.62256266694704,4.696266360141703
38.10142487655244,40.88468387650639,6.877646212603008
39.432650068401585,40.101197765507884,5.7613136318553995
37.74383079725913,40.896767521428586,5.4994157609629015
36.6060260454493,39.359910529307335,7.527298078463888
40.413108832168405,39.91455011839462,6.951765793288491
38.385270389978785,42.02543975794385,4.054664465010996
38.514454355066206,43.78782502262773,5.6360936056133575
38.65663194592523,40.56098996460174,5.722835569990683
39.502737095858656,41.737888375439695,5.135955604615123
38.4350589016186,40.054387464171995,4.416069143703173
41.070048832497235,39.22885645345517,5.240172671148837
39.27000454944048,40.5468461066123,6.3068207748915555
