37.354712118504565,27.968635002831103,-0.24109839741083072
37.68506818980651,29.99885156767997,-0.21209264721668863
36.81380487029501,28.65060327282592,0.21321348600363632
35.97209602988271,28.038469599237605,2.8719484221323945
39.15350691476004,29.2219870710521,0.2544201053587025
37.6410894098863,30.494381618574117,-0.15334919094297317
37.24956234493109,28.137217216980755,0.652933866044607
35.86733645497434,27.442492330893614,1.5143544153083242
36.678199194869165,30.196943127918594,0.7007274478074597
38.487185452996734,28.70108600425943,1.2113868853171827
38.27092129257338,29.707420073600428,-0.07512757858477515
36.94876262625123,29.829796653956915,1.4457798248667881
36.92246963721957,28.475047779997748,1.4938123066847562
36.6211138385247,28.373822118926537,0.514640696828067
36.246431839678934,29.97684178176695,-1.8615938990289755
38.83779927258924,29.51988852305265,1.06059775618564
38.400524480595756,29.1683476705987,0.6677794480877584
37.55119841883251,28.347287960947142,0.1713121678999242
37.24940770659756,29.482937394684914,-0.5840252344251617
36.4723100425957,31.10666224419649,0.6739532130140409
36.560637259984276,27.755464025105052,1.099801840008045
36.7201436302708,29.456049194614813,-0.352766390240699
37.10477871420671,30.754662927438137,1.7995957283962905
36.66901710871896,27.92781387181326,1.789459132802874
38.70949349496537,29.112710531244115,1.2588289646893414
35.36478124647997,29.214699850299642,-0.04646246342607874
36.7514022389919,27.9102528454793,1.2057929042051918
35.68589090055809,28.648042213637005,1.6888333635511537
36.92141434091939,30.725565875678825,0.6026086265185738
36.2345187521602,28.232479931700937,0.8306804815834218
38.01141414705912,29.45995179964398,0.3761892649741027
36.15316827146733,28.861959481884316,0.2172975341809953
36.621324775742444,28.15971617122812,1.2116931539100202
36.7262534704576,29.16864162047648,-0.5395244874207674
37.06755588929149,29.543213866576053,1.3564100011851563
35.883092036186135,30.023900259280662,2.242340810643406
36.890759064294514,29.11831164594301,-0.4900275649908248
36.81748385879602,28.890826635089265,1.2251944006854942
38.66788917865515,28.816250316869873,-0.38557284330678776
36.58143683039354,28.87325047507411,0.8547626388567464
36.57290571430609,28.725220050889643,1.5761804116967069
37.56242131421561,29.66301363275735,0.7390128168558897
36.89089402780755,29.63467709560774,1.6584756976300827
37.49375109022362,28.91219857978987,1.2942093454621488
36.87053220250074,30.20279227860888,0.40563612900556956
35.08456487365778,28.615404905116293,0.13607736229536593
37.04994786023264,31.14537009083754,0.3720374791546353
37.403240208277765,29.041224217771934,0.6358354350124287
36.016385480600604,29.883677601750236,0.32730548640367785
37.48323820470113,29.788636221475002,0.7327035362999033
37.312257059186734,28.124080856360358,-1.1716591126404075
36.058835080122094,28.486176499234176,0.6457313716800023
35.6844490641038,29.556159452040596,3.3335865816347603
35.133787828864236,28.410992461815184,1.9624969041329323
37.61434337965087,27.16571272363689,0.8560245175962948
34.91211341389837,29.808761088785648,1.5101472172489245
35.77718347254646,29.594445519239393,1.4377364870097504
36.7638097866558,28.723285626992748,0.3035557836829048
37.1501028273197,28.411345838168984,0.5329149536951032
36.555926715990665,27.38237546951932,1.0999694226198389
36.89066699227457,29.037899551131915,0.32880095893653094
35.14806351731695,28.882262041943616,-0.11189006823986303
37.41801821165208,29.844901577752285,0.7301359867475642
37.08789204898513,30.33868840716671,2.1843096878063335
36.80184956057773,30.060632644617836,1.2062131647967524
37.17329373265125,29.82276642134971,0.15916043616552655
38.302142870737285,28.61432629010681,0.582061195828276
38.43898421545023,29.56943891502631,0.1406107894127374
36.44156677610082,29.560547166278702,0.3840477501761875
36.03417028450372,28.529837087648737,1.1345549235113541
37.95809627679165,29.23070223220702,-0.1841984509384369
35.9865846919347,29.16957489711845,1.460625360575813
39.07086993092167,29.466313308335227,0.7694106060509249
36.58363012357649,25.94728543496606,1.6096156235217254
35.5435998181608,29.967497375973554,1.0954551334155775
35.843853283822384,29.065895703709593,0.12590292592639063
36.519064947160494,27.48665008207576,0.6434525286237266
36.61847169323818,27.824315046860452,1.59599109458871
37.504920047538896,28.37353979430525,2.028391822537365
36.65308626355843,29.13317263971674,0.32789078059768495
35.25477505273825,28.619110063994867,-0.38578426056565207
36.93887518826045,29.21956808211469,0.7824341671522868
36.90057630275069,29.345610887566185,0.7923362973893854
35.65696866292876,31.205137326998955,2.1752674335750863
36.57659243077728,27.104341734615282,-0.7900680518440764
37.414032685799995,27.445769186801193,0.02366238230004447
38.22600351361635,28.995325392850575,1.5960381922605897
37.726443938521804,27.94508572141977,1.7098781598489274
36.127104281882694,29.512297623181684,1.3240915084448204
37.90710389975591,30.89757449716589,2.235706733839991
37.066118927647615,28.757454391290036,1.0496603683462544
37.48768969436803,28.461971628428508,1.7708494350697894
38.7023003437299,29.037752941925362,-0.20011130905978436
37.85783354940484,29.07925629604077,0.5323522987287872
39.08962589614606,30.193796680399224,0.5700578795990082
37.21338684559386,30.664338818743595,0.5591058864601697
35.567889002812244,28.397981611851193,0.042716694692762514
36.82528399326887,28.56740118251251,0.44709392647976526
37.02612004979609,30.215547093149127,1.5596358350498056
37.00501087773516,28.850865404115247,0.168102695600445
37.10539163546715,29.588855510053108,1.2691671754276181
37.998269622546026,29.399637780139688,0.8109641550636912
36.046105538746616,27.686160843356053,1.3644408976554003
34.37048739077447,28.892225977508158,1.0654826484179578
35.84563092067164,27.269834042704137,1.213084950037219
36.44476808344033,28.421573374056237,0.5238724324416242
36.23481566812704,30.456861059787503,-0.6860887519243115
37.983114860983086,31.83680064892044,1.507506927828815
37.27749328865801,29.94106272237326,1.2424584147725584
34.818374401329045,30.58081597577059,2.012880682218765
37.34045418825432,30.387159754523616,1.3647612311039965
37.146952994207346,28.284906038774945,1.5103607684423106
37.67984956446245,28.933820828848624,-0.0753248984098257
36.4342101760804,29.138827802482304,0.9571657280162013
36.81805392530488,29.973429642475566,2.6275056553224454
36.97165229238304,26.6623654158555,2.4525122453308166
35.436695066327324,29.263156003521534,1.7091068156663143
36.47429976920907,29.57773805324142,2.229218382216551
35.82841017860886,28.950990613551493,-1.25593143310386
38.472571414484406,29.153167344359847,0.188702428654819
35.92716216649636,29.18870953568201,1.0637859457934502
37.397413924458,29.796441402704357,0.008979876070797532
37.50921566644139,28.39410821044055,1.0918841576607163
36.124391189861974,27.725464197835265,0.14711813484088243
38.48108147255805,28.692231863796373,1.78025940973589
36.69660937116045,28.89372196024835,0.7306520871317551
38.25235044495093,26.744785136883404,-0.9110410513116978
36.04633231048722,29.868786300839478,1.6815090268646151
38.05056191865659,30.49501936670231,1.9164730873474922
38.45153404407064,30.307872240378902,1.3073161230554458
37.27557223468367,29.953044213712325,-0.10273586910545329
37.565716380698234,30.53115693135877,0.4464796967109917
36.631712381563204,28.20255404206921,0.6642168281478569
38.22216847767687,29.966256790433416,-0.28859531608459865
35.91087058567373,29.147736979937196,1.962156084519089
36.108865323973035,28.868241742495705,1.3669760243111404
38.47596241472536,29.993999979026675,1.877439508228706
37.430574088860574,29.689393167964376,1.1010600265875476
35.76355823185212,29.156920996311456,0.9460271974887617
37.74643827767415,29.080599504105745,0.058062339795585394
36.57394233798933,28.992128754363396,1.185953638994229
37.32525086927086,29.152630981485913,0.433462005181355
37.565480606629556,28.754011278226486,0.6119638509351571
36.685294124574696,28.845856551127778,-0.7281854364558762
37.979446744847614,26.11913215317037,1.8721786548156183
37.963435312097005,29.22622300161385,1.6289815871277504
36.739360302739094,27.517741727439912,1.586140584470877
35.121121716699506,28.91078814375846,0.8135078938374181
36.47525444810092,29.482891110006964,1.1696541482999834
36.50222159796049,29.355472657858755,-1.0585095521988617
35.89408277780531,28.246452488171577,1.825155422058549
36.48193884424735,29.08488707427716,0.09853302347934889
36.91808100138398,28.32842196677326,1.0648600339063863
37.38706269088793,28.81891116420048,0.34837638469759113
37.070634189197364,28.3579497411479,-0.5367140681512361
35.189166781766474,28.625795206993498,0.34187593691708185
36.01863273676575,28.333923660102425,-0.23573756336330942
37.188621356917515,29.78609746290691,1.0277016733354003
38.02115203730784,28.88965372449826,0.7326241048432849
35.21436371467823,29.644448871160925,0.7470212325894152
35.32661078242842,28.35803282018096,0.49445462580618305
33.93750143857841,30.031077708644688,0.8668654253588153
38.08671877950398,27.64556542502563,0.2511627268741299
35.88796332967094,29.81058339479845,1.070005545392791
38.12188568898742,28.15098186832068,1.0866569481356552
36.47208676219845,27.888410036797634,1.8649467703786693
35.600844643714765,29.810654769067455,0.4225267649548618
37.78302781494446,28.795607227969114,0.271735984366289
35.802556134611095,29.411250591681565,-0.9866837992201287
38.59999127792033,30.092553336357295,1.4136467385915505
37.731046387135756,29.749327854277336,0.3284729479157219
37.42961475095179,27.95401927564801,0.1556251527077812
34.15742322514172,29.37475821194441,2.020252771143114
36.333820993922075,27.92724981493897,-0.1886842549950467
36.32741422679307,28.11101268430987,1.6922295609847624
35.91553299599235,28.193339239051188,1.4999689119350272
36.774470734863755,31.425055399033177,1.7050578984609113
37.23694137159693,30.13323365380595,2.679691054188082
36.769636422462355,29.51356911640317,-0.5037312492432571
37.84603918189186,27.46727502197781,-0.3980318355895818
35.29026551184857,29.420828184820323,1.0271110280770364
37.65201377498037,29.16829612051182,-0.553735354403375
37.030490122572445,28.620793103688236,1.526592650981526
35.2811395863319,28.2216259670799,1.1263895834782116
35.37359966300737,30.50750486661564,0.6698845258727524
36.29188792631667,29.36106689833522,1.0033072155507994
38.556640326297064,28.452789128007005,0.31995711180603914
36.796817220140206,28.671543293818267,0.26752415785661166
36.940526385873234,28.26980726053517,0.5695836936753893
37.294998131259135,28.967187309945004,2.215514767179932
36.50469698509284,30.683881129757626,1.3443051676760045
36.05721568547924,27.16448551640089,0.9828637700404489
36.4875268318711,28.771448762119608,0.37999958207474316
36.83678545050726,29.78416004745784,2.4966109351281665
35.34462565452224,27.722886546208706,-0.7556396063101034
38.158239989346136,27.795398700287528,2.4889342300011172
37.98971531476754,28.978411845018325,1.0940954168672974
37.333221583029115,27.81176217934602,0.8700958541047711
38.620152125372215,27.92662133200748,0.998356625978801
36.50618209236227,29.48455009973937,0.026936088393568758
35.39259672403438,29.660207036388407,0.09788037588333554
37.521505244940435,28.851009962212085,-0.9771819016162573
37.77935501206548,28.816895457894056,-0.9036164650311744
38.886406523490294,29.44935816906556,1.8593504217026504
36.46623631339784,28.7938009441356,2.739684215116803
36.93134323629607,27.95535235230664,0.24035517823393315
37.40869615326581,29.65247617205551,1.6378299598282369
36.33338461707323,28.044023785124008,0.05439830648501642
35.3709319198431,28.99957543916281,0.5316129362940011
36.804486514945154,28.350544435082828,0.6050496592666268
36.123315660274876,28.734575195172596,3.3372769637248423
36.89462311084885,29.49638546553227,-1.4666125036791129
37.068189471092865,31.18062989123267,1.0074138624711737
39.15244276749593,29.9581401958502,1.2463677126854882
38.81860579531487,29.75712596877515,1.1020421451253803
37.87858155606189,30.208174333060608,0.4164229483510086
37.44893788208555,29.21057174646759,0.014507294899460121
35.08836525014016,29.145914519083284,1.678708187668735
37.51611547336831,28.271803354257166,1.0708969804036463
37.5862798584235,29.59479664208279,1.8986198304061792
35.67530482492357,28.46796048826018,2.0076647470186657
37.19685930435995,28.266537961551336,2.504414929151041
36.330436379990665,28.53623048144962,2.0304544260343254
37.503486941767854,28.587955024673086,0.3113366927817286
37.92191580959764,28.87304181054167,1.4920220571717624
36.23387620812959,29.005160267674444,1.3991596549987646
36.12518686778378,29.751294902473756,2.800573263354868
36.43270837153,29.423842548871082,1.961936759975646
35.795119274559774,28.54147421046781,0.7182118160690506
36.57898037546917,26.6264392790198,1.3087558636718866
37.585149047916666,28.73628919492722,-0.9830192109205562
37.77785141622342,29.049946720181094,1.0616176610984491
37.00864718714287,29.549623422064947,2.0098069629588498
37.49581350800911,28.625120848268967,2.328567159724443
36.38818982518815,28.576484656248805,1.964996180014036
38.37195089448978,28.798590761238867,1.37033064588136
36.35159776678373,30.251686363393773,1.1338516005661805
36.73639039120139,27.136700891304535,1.0523246247409983
37.62078813025999,29.522009579244244,0.4034191090137566
36.97915138710279,28.03723642584251,-0.9576435396008629
37.72443910592612,30.712738106653696,0.6412486062617636
38.53399193939608,28.89863283149637,-1.1013353591874946
36.77050411901506,30.93269116206912,0.8751563424503441
36.24396268324958,29.56262124503937,-0.6438644654881205
36.61913981987176,28.882186457251414,1.275360213624571
37.315807511123495,28.461844799630338,0.7038572927873379
37.67732020478727,28.33534341256081,0.3989002494096477
35.63810694520629,30.393463379642238,-0.9594706856447861
37.243809576700386,27.6134764216097,1.50812673103212
35.09545156208166,29.868423135005592,-0.6084985941678593
36.879988463607305,28.022253188764545,1.119119975237006
35.586917430075545,29.87901002572324,2.1011830058068774
37.9338970815959,30.15319363741918,0.28176529162706054
35.20377061977712,31.112006340458805,-0.22182226207687283
39.42863067413876,29.05851485947941,0.41316845833075083
37.86889373881278,28.577210431983065,0.33971470140771864
36.73544846579933,27.9605951447198,0.2889259123232344
36.68924619319521,29.387611476449017,1.0079078530922319
37.039894602243734,28.38057605222164,-0.24550750938271104
36.905453063215134,29.383729743976406,1.8254046597745441
35.49001242783816,29.379632051583606,1.5563957438689715
36.20713523662151,27.347736802979547,-0.010429096520171766
35.38119563054742,27.66035691731386,0.35239818710393545
36.872170535969275,28.932170206328184,1.711688147669871
34.547829188794346,27.305389648583624,-0.11171552893363756
34.660253548062315,29.61438349599654,-0.6275351988042019
37.15691156681156,28.736022950256295,1.33056967372426
37.0071873239598,28.960705430883017,1.9419966011076009
36.738136422212946,29.13593375165499,2.1778030701224798
36.59516534589654,28.048054389609703,-0.9091092289377214
37.34875558936038,29.436643770838174,0.42087938860713525
37.98109404024479,28.003559672638936,-0.13682709315978347
36.933963967030955,30.572489127011877,2.1434636437986616
37.38290171959781,27.846969140307834,0.5836715924603406
35.691985104844825,28.12371656158737,1.2110300125739388
37.54376526776997,28.955705930834604,0.5416189949665295
37.44898915088806,29.212564054393635,1.4746908511349188
37.22066997986433,30.42379012178867,2.1058939555993117
36.634243640805714,29.536301258999767,1.751995853131048
37.781473237429005,29.579903373234323,2.3643057017372664
36.23563176864899,29.115121590095267,1.6242326755935115
35.89131072955854,30.61665404810639,0.07248724538465212
35.12138171022784,30.636730219931053,0.6311860184035931
35.96209678298657,29.46472878991457,0.38933910154124146
38.47708383899869,29.44461970836384,-0.4579229072698532
37.51406432603623,30.354248358631917,1.236423865563439
38.39051389672654,29.230231861365482,-1.1269138508877854
37.129584271482074,27.52995736346732,1.1088730750629114
36.53338000911626,28.487223353100703,1.2087013208927568
38.65606649327818,29.960866299229178,2.3622560062175455
36.48314669547376,28.54555162604655,2.045015307667729
35.15573986721235,28.71205979756286,0.8598041456572728
35.89839813710493,29.201996615396613,0.38568151590771954
37.297759247267365,27.796693769183495,-0.4642771810231556
35.877618707551065,29.915642207578145,0.6149207840830996
35.654627755257124,28.515640746634446,0.9449551523310419
38.18027231984008,28.173109196549667,1.3880850856688762
37.20620122670053,27.294945007231252,3.1787547566188126
38.4461052308786,30.935557136019398,0.14725133667371182
35.403452861173804,29.20645616660729,2.012634847576765
37.443855591832744,26.974572411353893,1.4260363787894168
37.86832552055844,28.809497895843116,-0.48358344529301744
34.716045001664824,28.963596198192814,0.06486322048570425
39.10624598910501,29.92959358764349,1.6221303064915729
36.98228435412081,27.707781855254552,0.6270482137451416
37.659653288550516,29.412155302732984,1.9627277475765736
35.80175644791155,30.00348084761348,0.9971610970113478
36.704545119294295,27.4778769105873,-0.07848157371872866
37.00110361006896,26.360646698987633,2.060199674919415
37.265640112742915,29.558861407563356,-0.5699107240744556
36.565003686219995,29.162984227464804,0.6777035386126464
36.87626497651205,30.555976493732164,0.0009412288486853049
35.06321332465933,27.83302912549614,1.3646327534836622
34.80542722633033,28.861406078799433,2.094910293253853
35.44288373916184,27.19899916264875,0.7392900055413094
36.12312809504814,27.953046288287624,2.934580503576421
35.94260333308226,28.741474698394452,1.2140977505808017
35.61531512655256,30.103796403575,2.265725019634005
35.53564620166598,27.670139653209947,-0.06480682024494955
36.626809741474176,28.44787541760184,0.862230968808351
38.47898841983392,30.306751871145572,0.9710803256249995
35.39182295663771,27.484196156177788,0.9495508599156748
36.371963368712024,28.21275889431532,-1.0704241129166736
36.593182422592,29.88297336556152,1.133269187099196
35.814227647575365,29.411906311424428,0.11835765322498781
36.29024928857425,29.297548244886883,1.0311844730748367
36.11900809782223,27.333125354299053,0.9740580752966282
35.95700645039775,28.84164580871655,1.8665827985582273
36.89676342368764,27.499440241805427,1.084633698678298
35.83865833118112,28.893729650181854,0.2679415653119932
34.350246764676065,29.640427659950614,0.9693688283825534
36.07924458368796,28.420086343731068,0.02518030179399644
36.163926960996776,29.4213906838838,1.7541641971115884
11.36703304442709,19.93626781878311,6.277856699893495
11.979450966054506,19.27843249325551,6.390942986971989
10.714990036013106,20.96236901615099,6.577122496658349
13.115218266329089,20.652202939551337,5.724569375893635
11.84624278741188,21.478964539560767,6.024746170733619
10.668880794956618,20.76771743989943,5.200895321659535
12.682014811704557,21.924089007634592,3.669059237830129
12.486089484987648,20.85180219138142,4.203908600607093
12.181728424882916,19.521394626356994,6.408713387465889
10.937522698595096,21.895991752811995,4.5155620852204175
11.872183414094177,19.06172735597982,5.4529964321843725
12.469269861521,21.26582476506448,4.6475683192696335
11.762870720694085,21.62294423503242,3.574907249214268
12.604092313397643,21.338572052208068,4.966280954850171
12.864617188920832,20.388253403234156,5.050171745598555
10.630422109785734,20.22302057195854,5.127913049638061
11.579231890536073,20.842181749490525,5.021667979490239
10.495884344282954,21.684276972245502,4.79849715169317
13.06783690029682,21.814777733443506,5.362537353243569
10.936499718422963,19.186838737852515,6.346155123491441
13.470499293554447,21.29696276441675,4.4807814205030265
11.41472001174101,22.143483275092212,4.749930348784842
11.882190419096426,20.679043715814846,5.557247053883827
11.573696703164018,20.846982224140422,6.237588614379299
12.401048491229378,20.678192839471304,4.565350134856408
10.763499826848578,21.39161834622084,4.930801420461305
12.663480668812841,20.70123290823768,5.683690181938459
10.803823038754036,19.663742987438837,6.425488196527711
12.017891453587877,20.540250202546307,6.056882183840688
13.113071707823178,20.438139289444234,5.328601911362442
9.858604973093925,20.076112807966066,5.676752825247896
13.740469380181064,23.318275871327117,3.3438441154809224
10.237273170865656,20.835274791788564,4.254162966009623
11.243967220581267,20.604902345025735,5.610172601812762
10.996975295474524,20.210531856747856,4.020320628565524
12.44824277873807,20.092144834451734,3.4600051523908983
10.38936022301282,22.064358512087782,3.7656320877982017
11.94675236419414,19.558309309568266,6.480232027395254
12.372184869835777,20.851005980878238,7.512322103052567
11.783763446343892,20.77553144498624,6.508632304236728
12.571766479528641,20.01160851960238,2.9840749759523644
10.739220118168376,19.349129649762,5.823820891931147
11.33368324319542,19.14152304297839,6.030146312117282
12.006110518958032,21.385438987603223,6.795431088227051
10.391356655502438,20.612711447898654,5.173878293400524
13.97783993525363,21.442789765938166,4.8314677137211435
12.565215984577069,20.05342840016544,4.939081640025543
13.79380578014428,21.10286121203133,2.9910422352684525
12.065348211939845,20.81168922589841,3.524212174569393
12.039746846002263,21.611442654886844,6.755214553834196
12.150474660279675,20.2738186104406,5.224656402175976
12.030012370206478,19.749423689354025,4.666805287828915
12.756472576683741,24.250382548999212,3.846179081162507
13.488223973173385,21.270293241848524,7.073060147209693
11.814967050231573,21.099007569414123,7.178325893447337
12.646321902109888,21.19091641353059,4.739134402953724
11.540081429119894,20.699881033692538,5.420196041960511
11.349289423128814,20.038699132458664,3.4012887604798046
11.629132756143633,21.659553785329603,5.267478743679336
10.93708739243866,21.189771565328964,6.906830843911567
10.051257485928954,20.453685012892375,6.691555147709106
12.926380654381122,19.27622849893703,5.334359675013703
10.52184843287985,21.593539088779437,4.814740601435374
12.632030284645232,20.78064398430521,3.794374803153283
12.676801542295761,20.880309946044115,5.473264549457437
12.784843946697551,20.381798145116985,5.1556910804727965
12.52230629845869,21.897952810969784,4.596980915922549
11.888858078739545,20.55407265933611,6.221107865282337
11.403969355713377,19.033951688995487,5.203746820611347
11.706128649232385,23.558232099319103,4.565743346302347
12.361969907860242,20.44064970830041,4.21792819074779
13.601446338914105,21.803386873072174,5.028618071466457
10.662449117895418,21.345033055567487,4.591240913807394
11.868864164451203,21.634175497567963,4.513518353107021
12.69258382588111,21.092358384125,6.2152488664595245
12.744891474054864,21.43728905297876,3.8283428108351627
12.602975090786511,19.41248967733995,4.992901798973405
13.208853699180587,20.74362680643999,3.99935104859984
11.840336019607733,20.384626890756312,6.1756974008834185
13.01031312751153,22.136729973242375,5.312659392990708
12.566920832830798,22.442526608820206,5.763952426980427
11.91229267562344,21.655840342018823,3.9993393488497793
11.221640765392735,21.394919374130147,4.231384653005602
11.66974083350268,21.726914830648862,5.954763743389717
11.817554414787928,22.214029954965202,4.313416797101384
12.022614749265665,21.18339051882281,5.876209125802351
11.838563678290518,21.09650807185672,4.665295302005824
11.745507219998451,22.300935897810874,6.2539348034943645
11.822357505460452,22.106381257221614,5.426792643158939
12.263647872238334,20.25720664943727,5.689626758290854
10.348297703216309,21.914760360816974,5.082240817324849
11.710431629746452,20.474274100322692,5.980220218328905
12.20520535296022,21.655954789046387,4.502330979885535
12.257953086571769,21.41395489060582,6.030193029548557
10.717830809500926,20.893059377982752,4.7508489304976935
11.924174538717882,19.514568539311426,3.689245312377312
12.504679152283263,21.77729972654493,4.459478367412462
9.762941501992747,18.49105331007215,4.9657776112576535
11.396054790867323,21.248072183949724,5.591842343250504
11.513748338115011,19.92507370221626,4.3620213548087925
12.997581243047522,21.315364601452913,5.0690338565340864
12.182167833459198,20.20557933048636,5.830675555741533
12.302240148218164,21.668480501263435,4.759736307107295
11.118197531134694,20.187714572336333,4.960535422910893
10.167799573808274,20.60299197547198,5.081915980142972
11.877065075031854,21.237244595288498,3.6061474739395303
12.347183210025534,20.127730529307847,3.175368577931308
11.308879923627808,20.30978594331478,5.3587051821345595
10.70605794976909,21.729028941489283,4.396854973965769
11.304486283035294,20.79706295397683,5.143744819876762
10.867141478404047,18.674197027487374,6.006997455247447
12.178195337955417,21.523337830998994,4.026862809725356
12.109850733452298,21.27671890425668,6.1613016177817865
11.43606858396461,22.347991174113336,3.917429026550465
11.119304390173657,21.85753591608084,6.9170309995157435
11.173996000787689,20.406830400454275,4.025963777474445
10.52283851474225,21.05106171555255,4.7134943483677825
12.062634616840379,21.186320590662532,5.288556073953788
12.77569019916167,20.89839356285848,3.4184006255342467
11.323207422372782,21.407588691789346,5.4422826532161395
12.334698651692834,20.590133506997866,7.304686303243532
12.797752453871414,21.766307384080676,6.008681100694273
10.31444829098779,20.55834516474149,5.375694666853995
11.629844660008311,20.832524517087638,4.455526585076779
12.071660730911365,20.665304034211932,4.008070001572549
11.217192336366496,23.088193773218375,4.583270654489382
12.803330842211416,21.243366674370236,6.8965578591604695
12.428257857495987,22.517142438448232,5.983286891073142
11.0389716076529,19.473754725585266,5.064598334052766
13.644443573399823,23.589088792812312,5.713231421153832
11.289823746206523,20.192806353910605,7.2671484692133035
12.027889433580302,21.776039919159235,3.3800125565139005
11.161151700699728,21.244021885402503,4.084931730211697
11.402831924299829,23.019298284722495,3.771608993738864
11.573727512164927,19.335808616769754,5.810655490021164
13.070532721772327,21.743144280017518,4.162232989181209
10.963224331291071,21.939891050441496,4.605357682143124
11.738928376973005,21.935027462574737,4.2915857849379515
12.285045081614278,20.359348043067925,5.523681519394006
10.528532959177602,19.970537884393213,5.881639680113365
11.211823452343566,19.725471139885716,4.721844396715583
11.306965730924693,23.046474196218803,5.231905968952484
10.703831327010965,22.462102282681617,4.8488971432924854
11.384090266801639,22.12913570483845,5.9459804195362
11.163519648839278,20.990025596765594,7.143315929391773
10.363522639946662,21.42767935651997,4.2935266147775035
10.770149714744544,20.313598106137775,5.8986764310116016
12.84424967213675,21.845251273448554,4.238356165438466
12.052005564717163,18.84409385643731,6.4120571530220065
13.909773084361623,21.42730926081336,6.257074379583429
10.914866719906366,20.884694936543777,4.613887629770496
11.542373917263108,23.040817644557904,6.137970375856246
12.277330248214511,20.36331514119158,4.743817085525467
11.394166746436895,20.46375198617339,4.345326469812736
10.59723458971526,19.796931217140845,4.813616252153622
10.38474497859283,21.128232573182817,3.7453115318170154
12.542209209423486,18.868926550730908,5.241141980516914
9.973093757201699,21.273744752448106,4.653472283047841
12.851887777776687,22.319383899862235,4.704499744262283
11.297820814230015,21.070048475996987,6.364680174903741
10.80989241319974,20.619889376020424,5.577344828516602
12.84339266263121,22.05011994943747,6.517456416800069
10.029090955033181,21.166561839893472,5.630285808862827
9.911241691846636,22.783378159806592,5.532485144992799
11.90065145083727,21.11006057204666,4.874361875397629
11.958885742923506,19.518907027800665,5.420855639368228
11.17348682291764,22.97245113782778,2.5031758295334376
10.868770959562896,21.21048666675172,5.132425794668509
10.928199786238958,21.854069863935575,5.03870512302521
12.9025968839658,19.914781773568954,5.340848825845198
11.501938103900551,20.49574675073708,4.933518653109903
11.725327817428154,20.207712159708464,4.130207354363286
13.78445546293661,21.452392739021345,4.845256147498981
9.928790914116563,19.73627062989796,4.732022185438458
9.58750427915342,22.309067957946112,5.536189036423355
11.127356999735012,21.203159166078937,4.999951309413195
12.324812925991823,21.804836401373713,4.800777889015646
12.278712941002789,21.970325682854924,4.07646920345656
11.903315334302693,19.69911919684787,4.280891958824919
10.97414965049156,22.818711628194016,6.790228436304849
11.4387158082108,19.75273102559543,5.8083024408587685
10.87555362460418,21.700416484541996,5.4259320267490025
10.905067977551614,22.567174267617894,6.30038113900108
14.79990467501395,21.17574615065662,6.7646124894024915
14.524704260077591,21.874607846418968,3.9872335953360905
12.074395451709918,22.263748465300164,6.1185257909834165
12.05003726270015,21.58052207785406,5.29232950615699
12.810164975216905,20.856146890920346,4.076332936859801
11.726069328197203,21.94891228652299,4.283663074780743
12.350312164296408,18.953773690082528,6.376116299041417
10.686621331346862,22.585751828227192,5.172800762989247
11.407151530724779,21.570045343315645,4.448423285494598
10.528183332738012,21.829240473636407,5.305013757325791
9.959276855142159,19.617734319710927,6.8884943127069835
10.968642527652168,20.985781060388657,4.8503183155920375
11.0631936834095,21.081035605828045,4.82987640467471
11.780995287534624,21.33773454035695,4.631334015828986
10.215344627632838,22.737103182057638,6.187499435231128
11.378631024110947,20.422971334961474,4.409456402704885
12.835224732887008,19.800925376511284,5.0205114435124605
11.374188418806034,21.096582141320773,4.767238498320853
12.212692104461157,21.826189375246017,4.514191876170676
13.316589551049466,21.10310831819172,4.234048803695523
12.392653166996254,20.372035968737105,6.462897367883692
11.525157541712709,22.235060966726305,5.132626139042269
11.693126776102671,20.212113276177966,5.028340026161746
11.434468434733974,20.459049322744033,5.178798542764643
11.624797534089975,22.69635424633777,4.7730462111940115
11.527730575317909,21.55869347713491,5.9082241669585205
11.916183272304284,20.852433262234566,4.309379461268734
13.583331908762727,21.764714082944312,6.382407723605541
12.599749675680238,24.011323170698443,7.208427312761195
11.901164652581636,19.849703016383753,3.166288317833737
10.891613147749432,21.09776453907683,4.6126793601676175
12.129061096874864,18.913152500650003,6.009551147564932
10.784354985591383,22.022935544547256,5.688283846201305
12.939997362258218,20.08006301013601,5.392543528019877
13.737044474362836,21.996665672564944,2.4488850157184077
13.58067018272541,19.99821848192156,4.806074266140326
12.051469525618886,21.129995094395145,5.78588206479812
12.033473655147262,22.9946599251187,4.762238840762188
11.3051706425434,22.813763698032236,4.971714768950544
11.91629275748185,19.71676709871127,6.041881612619429
12.74402545158522,20.87569097932282,6.123503130482301
12.296943075193463,21.351583072026195,7.043449936362665
10.72807087954942,19.682762542882497,4.790571854760647
11.21875510449879,18.966724132066002,5.366886523955191
11.994282362673893,20.502882794101083,3.4699038615532185
12.292954674774933,20.84821080799272,4.319462980457741
12.436962589369777,20.46059542133501,5.683260240418043
10.056473627074563,19.36807860897075,4.046930570452114
11.26467139657214,19.5121610430782,5.014178656893655
12.273456947463123,21.321713384007445,5.120190184869036
12.133771105090522,20.536856795803963,4.617957365595334
13.456777449437453,20.93484235516379,5.4709598500666345
10.683642202690281,21.158933661275075,4.881575274102798
12.80195901101977,19.495716205651036,5.962300306559865
11.24025158756478,21.15520956791593,5.649177954361377
11.98695247493675,21.563466200732964,6.46570740160339
10.730893267552448,21.34497114906234,7.041792005521216
11.749331851186792,21.06603387048904,4.326820662324337
12.108057467882684,21.9873548729801,5.542892801555009
13.736910955457091,20.283047391328463,5.003080301129509
11.747681422221783,21.84700746339273,5.029773394195764
11.26639043562869,21.307652693949677,5.67774706464397
12.411738422382637,20.846096938606266,4.090987198194255
12.61150563111861,19.94152943143652,5.627454476985837
11.724465771838736,21.458061936983388,5.185928200649378
12.483701950479352,22.426302620916484,5.553142086201163
12.136696726556643,21.28611345025855,4.812698907639071
13.066476397004816,21.557201397638536,4.692792364142565
13.20649184579015,20.46351927436088,5.760307326406642
12.309616726778044,21.710199044770633,5.080626558355078
9.683451186695482,20.136643456334962,5.333895115754654
12.720112968517942,21.30059843454942,5.387923361406888
11.714058673563878,21.724477966510484,3.393561290901032
12.078537353173656,19.88344386502118,4.134477771936161
11.679326176216808,22.280139024555865,3.8968873396931665
11.288152641323938,20.747724766507975,5.3353024560641655
11.47767999694757,21.09328107307137,5.897112741122962
12.328759398311705,22.41149391011658,4.278039974506576
12.167469388050511,21.44705715323975,3.028013291560675
13.051836675246838,21.74340267861768,5.290419974686314
12.916853290942969,19.74818374723261,4.841458715783324
12.02066569361497,19.008211515875235,4.171012585516134
10.934748192558581,22.74915378054274,4.7278005211525045
10.1868039684196,21.29393086787081,5.133728483366137
11.150798134001988,19.10235648391952,4.035743821316189
10.102423579577987,21.12266818219711,5.304640223480348
12.215631841036796,20.251610060514246,4.140132806348649
10.622376793675382,20.252221523900158,3.7165944162223274
12.117352617339503,20.99414835860127,5.428359265852279
13.13541713916501,21.5886117853424,3.7521752302846103
11.493243135453595,21.967405372158446,6.676161592022218
12.355446917368413,21.057360757256458,4.944105729254277
11.769130100312575,22.258712275394565,3.383580910388976
12.945973679605336,22.094638760982274,4.450716173754662
10.994009197105141,19.874051107639087,5.504653474502522
11.769728653395786,21.707784806355736,5.83576990485012
13.729137137577434,22.47534903268938,3.688185007060011
12.24957962087829,19.861461545467396,4.931280952528074
11.58240813553124,22.36799965254724,5.303315615298759
13.978574732955755,20.527124256646523,4.233787320869068
10.582234701975755,21.442073026647545,4.253514364616308
11.734662478411899,20.928053561630918,5.116418988467846
12.312477997608338,23.80019859497046,5.595522432197535
10.626246262377789,20.96265910413922,4.927442969199588
11.72214334292153,21.92956198295713,7.269844225927244
11.396775155498654,20.93607291414932,5.240617126469667
12.100549029311786,20.485293060557698,5.472330034582395
11.84852360977512,22.0891283312549,6.473929369991136
13.429226990178051,21.074994253378932,5.193248503964138
9.942264071301494,21.732349335758904,5.530252142678918
12.869439606459597,20.882803127760187,4.4480178334845295
11.322692443274743,22.659424823307674,4.317709053089275
10.641035052173752,21.04907391628362,5.651469952353542
10.460737862932831,22.358305652979833,4.84815261017801
13.118519852324441,19.938007140897817,5.816879151344373
11.03241106713807,20.149999354162187,5.551977220893884
10.869768661889482,20.493221723625517,4.671091682461865
13.255257998717003,22.518120440787747,3.7324585166691673
12.183710600933413,21.36170101020649,4.233782836939295
11.502264099592782,21.56690800538727,5.708018063672092
12.600975460656485,21.90567998592314,5.737322757393265
12.514661509799755,20.695979712570313,6.008536208650794
11.041929638638504,19.206884209748267,5.935016720395953
10.690434751648214,21.019235805796953,6.314108129176621
9.930989612298168,18.145016114547772,6.314748076563173
10.815476988553256,20.525605865986705,5.880494043083874
10.802819415373857,20.551663473018305,4.730045250341187
11.612854296789227,22.548571738014303,7.0876129560471615
11.266373011537285,19.2672130062586,5.066969851336539
12.8085901565698,21.423959917043856,5.859524885333462
12.209063457585431,19.936604297068293,4.988009455821752
9.932720102793072,19.441181687785434,5.648088304449595
11.769178162897628,21.352255725846693,4.1015081726847225
12.63801554868419,20.701690498479966,4.844218136492092
12.283133557721474,21.2783055267824,5.640790027500118
10.155541016069314,23.024167064865313,2.6570894826654343
13.659688127347291,21.20563040646758,4.313098778817724
13.078436185379706,20.274389076846447,4.964104831853204
10.848235476454409,21.032238803674034,4.0661549265870125
10.915274739003932,22.022656153615586,3.277335210884572
13.231626933168675,20.080227565887537,4.597728369680782
11.85454185205431,20.7729748771428,5.577350194258338
11.69755930751395,22.521312236498822,5.467353435472906
9.679321507835926,20.59281730016479,5.693184332101405
11.545474691825557,22.359933422573487,5.6822706957284534
13.145150555525841,20.81762388144072,3.973000760844122
13.531655749752606,20.582922302313502,4.032293681475775
13.380930289971346,21.87670544352056,4.948597013835814
11.169774196413682,21.25646974359308,5.603703446877374
10.411551519641232,22.14023700220022,5.981382376900521
8.46473240948091,6.178910818986167,2.6817438210614832
8.470500605284697,5.856579728845949,4.632498679600421
8.244126057845278,6.8145004160475136,3.7229194254693607
7.106808995156049,7.2036831768283385,5.6756965989540005
8.607278389689018,4.909992212392206,5.099171003670251
9.002715752836592,5.625822616894922,4.8853908565611155
9.755942717117025,7.700300776667108,5.573532111426791
8.72455389527965,7.055474988406998,4.020659485658242
10.713238481273983,6.033982062868958,4.3093046468668765
10.33569998321056,5.3045185269399004,4.601543783792849
9.301679697698773,4.934326340238641,5.224435411445247
8.758872525170618,7.614410550202343,4.858467509878546
7.518580983461787,6.659244724480132,3.798662090105208
10.225276037838823,6.897624272544367,4.301201078873167
8.236651051048241,6.9828474801755185,5.153667982293058
10.100192271571519,6.897921627310322,5.301852053210831
10.249826559691499,6.055718117121393,5.013902497005235
7.492850187493957,5.729917530787444,3.3261153314879595
11.51643222407497,6.348945507858513,6.094091819926115
10.021142779973665,5.316510084319014,3.6418567029286177
10.754704758425532,7.286943189545348,4.762503483601311
10.117072116859852,5.731013257280999,3.7135671150842247
9.10988545352727,7.143804285269517,2.7592505996404895
8.624290845730572,5.382476372823564,4.377103569475121
10.693972126499672,8.13040157119015,6.4160769668795155
8.868076900493588,5.475403607617299,4.488240097524272
12.04588139740182,6.0845192465788305,3.938725540269087
9.225182281823427,5.762486873590639,5.028479829643571
8.987869851704506,6.012102130835555,5.973566091410513
8.016759463135802,7.4666383845222635,5.038487886500419
9.140714444906017,6.683520524498435,5.366248983982548
8.799381384255238,6.376238874027821,4.2168020820779715
9.202126470533239,7.88785687217132,4.150294420860176
9.39396358638244,6.044804211796149,4.81166425701043
7.704065374561667,6.858419605132534,5.131909313033483
9.006355391641689,4.100935206830486,4.286976940127916
8.751482342149812,7.7165348815398085,5.824883955496409
9.296586220718591,6.3327474820392124,3.015416956860019
8.239768176194055,6.979924156023846,3.5113710197689207
8.543564654681916,6.374833884947985,5.067494325088878
8.551967799394273,6.82685070534853,5.761255343004281
8.295587921986273,5.986191105227194,4.564784715954178
10.293516407117865,6.251500713917413,2.653658937459385
7.794308155755914,6.433224674396479,4.637759218426621
9.773295642166103,8.692354255283483,8.202079572663822
9.266198528717164,5.5578026815011174,6.007553092143921
11.096400580753363,7.896330450096805,3.4812803311465017
9.126174844141001,6.60201334658064,5.757867770275652
9.241541727365611,6.358772350067056,6.08201783635551
9.108961922707543,7.290234460649999,5.051180933516855
9.14193030096988,6.558876518585623,4.7788250843453195
9.218564686641706,5.911226204168838,5.302873859800219
10.214278132686179,7.444927935746105,2.618285229957293
9.527815141851644,6.056223034671997,3.206372775714165
9.800534063354467,6.529330832947895,5.8482397199032485
9.085451918469852,4.164353723414397,5.667392650511632
10.602270210514344,5.279205388994961,4.419505926657382
7.79213759072813,6.516442015417963,4.039709095159404
6.602391687826476,6.7053870193889855,5.542322735288379
11.520234099002668,6.67338978086557,3.0605064715418284
9.155764032980763,6.838364593046198,4.584774719924747
7.667017846729263,4.712135419086657,3.5998807785225697
9.798584438036855,6.9208998742813375,4.761559472190924
11.297145877328745,7.527173170035813,6.1698911037271635
11.656017188858618,6.083977604362252,5.790160591534888
9.754071153233081,6.930278605721333,3.6777258655500225
9.89302665725023,6.9687790377661,4.232714244111358
8.141896512040098,4.658208458198135,2.582900365092565
8.890189893860093,5.3178848675628,4.486481280250543
9.985659261228891,6.181470161123739,4.851870190101258
8.850208327794105,6.280752277337447,6.452398770283098
9.700161164971426,7.6162316101234895,3.92530430256771
9.407483735636697,5.2706002243144034,4.907285481280791
9.540799874719479,7.0583607946863065,4.024428130978608
9.197804778325066,8.456662182644289,5.592776390477911
7.999673214171573,5.282686904780427,6.566017351421005
8.849754849883348,5.354478321566122,5.339488815137859
6.013587382164981,6.655921523712134,3.684462777127743
8.85524336256281,7.055707573016466,4.506040192303084
10.193960764112449,7.3510131627657564,5.257988909508897
8.757670701772227,7.282797713840754,4.381106770843892
11.773978118606964,6.416988467240626,1.8846875091437192
7.229717969802191,4.920671209645348,5.053180853462338
9.16776935773841,6.362607802570065,6.2097204063020595
8.97615288903512,6.908652885688929,5.662812180055921
8.524560912182736,7.589777067662191,5.32730329318185
7.168622059628594,8.068113476345708,6.249239332449331
9.171065674849713,7.284150927257719,2.873268989440544
8.942054340753582,7.396431264814741,4.774840567301927
6.711949844175318,7.695759049385694,4.8279421966589995
8.1227698420712,5.106419114793805,5.113844871507506
9.023443721980996,6.160885915022224,6.566612377236973
9.849467922926392,7.04396334197098,2.3226722222104312
9.13940639475189,6.0151708910351775,5.481185751235781
7.896472583908027,6.863744667301844,4.959934181511915
9.075114818096077,5.5151157990053115,4.080936027500417
9.405014522466713,7.350703134802078,4.657880141608588
9.944054628179988,5.79082780233891,6.232299773098146
7.870421500725765,7.927907289001,5.561410214725777
10.167138416261185,6.992365384371751,4.287979365007821
8.758252782191564,7.000064410571007,7.05148903449288
9.213050905116877,5.887092909290522,5.3501416116698355
8.671217802665414,7.993650266727149,6.068288287639859
10.258884118075875,4.8736072070095755,3.4930248340810164
8.589368178699479,5.3951751525471,5.193880932627838
8.985048351858346,7.0191963289297865,4.443146249905835
10.600167204453564,6.382695384102703,5.117167649186403
8.60470298659832,5.755757284117859,7.11684477013344
8.646606481788096,6.541197435721184,4.800435806690378
7.940331501145509,8.333760666059813,5.282034042011059
8.463916200132855,5.34887015680594,4.4160295873886835
7.900966162407377,6.392096120821397,7.079364120089044
10.152046116051926,8.589715362761709,4.364792022220755
10.056691552341958,7.236354867848972,4.227091089837995
9.163762615263167,8.127488787514187,5.797255115490381
9.07287885791623,8.014323541155711,4.896074200944735
9.326466554744934,7.25245821650502,6.7422325139171235
8.932965461955812,4.981305750756759,2.170500202968896
9.686213174699756,7.6256163519256175,6.249198003152128
7.391104625441694,6.734522883455616,4.579679176900115
9.354085835865618,7.962502057419998,4.785489709332043
9.122878559052017,7.005102083419072,5.353759428008495
9.164717028808523,7.755368369078877,4.949689711377263
8.240213295654865,6.3547481865225395,5.897925560746285
10.447164673083668,5.46813751137836,5.384058608829603
7.755553333375688,7.8050028423728985,6.052639717641458
9.157383521853637,5.507266542229194,5.692015988374629
6.970217554560473,7.126021809204991,4.199622268452103
9.53196192524087,5.461190056426668,4.323091274822364
8.703983754304264,6.8746550643516215,4.447483717082617
9.2092549243083,7.701057258515869,2.8043722798759476
9.340282829062819,6.325748609834406,5.074701053977433
7.303252762284319,7.507560083061726,6.876909480375446
9.517631050657334,7.575130213874407,5.852774331552839
7.080666277047887,6.050062731275747,4.527932586059472
9.180861636673704,5.3192172110840055,4.495185429273852
11.114424392752312,8.209687455807781,4.356049032036383
8.536898939231802,6.555400384608971,3.61118037411439
10.104034387496824,5.432158419407643,6.552477967810528
8.41881709834523,7.213625235265981,5.311551623965273
10.259710175228655,5.997170411348312,6.025058370602597
8.474079519200886,7.254562229056582,5.66363251564443
8.846246938294712,5.301218793393216,4.9463188002683784
9.528301189320862,7.464363560243075,3.4532935502600104
9.355301569959638,6.050523642556384,5.796185485650015
10.65650579625305,5.484567472842781,3.1878518973875627
10.285463629945282,7.929103206315483,3.5247990502075144
8.128518429471281,6.0409040226762905,4.00933535278437
10.18279717948964,9.578638962613246,5.025095768766472
9.221505850311472,6.59149734108625,6.945193929103233
9.473565713803264,7.072576647856055,3.0953663758855585
8.429030475633787,5.852859677465709,5.700655814207243
7.41342126763664,5.593088139191417,5.96455923329831
9.20873222258841,6.573339408804637,5.975753493457863
8.737408756717299,6.642191190955896,5.161856185235824
9.077741062414516,4.845703359991793,6.231890032384498
9.320177695127441,6.130833762128751,3.292288766124986
10.200711608634895,7.138225779007449,5.2901201840092265
9.45273194899012,5.842298584662227,6.25643605052071
9.764715401326416,6.755957590978543,4.400956689860656
10.679817586432112,6.592196242735687,4.5821832920144185
10.991370577695598,4.735047696015144,5.5870920959307995
9.53148058458629,6.491895883388066,5.223800665226325
8.554669539568987,6.2017638906808985,5.3051508157678775
6.699688936367023,4.913435866685578,5.024947591052479
7.407329466136753,6.8349627272963085,6.062905571466809
7.738101422694845,6.69370194130738,5.293858168502078
8.222179882977027,6.26558847900724,3.5993460275750673
10.3429481674854,4.629202950857811,4.235522728887053
10.53761541537543,7.223625954244857,4.9584935356317485
11.04346324250339,6.646951581833584,5.344085297354648
10.848700010608022,8.154778156966945,5.421608318352926
10.359012911916238,4.136462769024245,4.641801336829825
8.70053655699331,7.472296866663944,5.930596127488224
9.122579416370689,7.318398748239697,3.8067364668219295
9.668064122820605,7.733474350185083,5.896708633117083
9.541974593059354,5.843149047607696,5.416414234438886
7.506871520842072,6.104060177619152,2.8826897520156964
7.273823027368778,6.927265098241755,5.920947931792886
9.855570872709507,5.5034286226255915,3.614048902940778
8.750361885808486,5.684409960856826,5.109231602048597
8.29530233702584,6.42497454112335,3.7539377336695683
8.203280163112156,6.814167927479577,7.693996253860479
9.406229187978713,8.061891885673736,5.169896166836349
8.38383856373991,7.456002311566034,6.0138176176604805
8.560725363727123,3.967172146010992,4.757204188650681
8.972690614176077,7.616869008152943,5.076460411772947
8.027928758461904,6.701507469687031,5.7149571541849635
9.651804331935836,8.03068807342252,5.035650896866266
9.444488480122644,6.743591596923785,5.173998706105607
8.252600895801136,5.952968169304629,4.005323804425317
9.44346898867873,5.934318936648555,5.040869324278946
8.332210606390156,7.401891690757049,4.662831345720523
8.151809430637652,7.964398609361485,5.267675990385936
7.9910413114531895,6.341866193697756,3.385595757531717
10.515322123033961,4.97870415597699,5.060700528268657
7.959031755309868,4.963773905535617,8.063457571394956
8.42048443183253,6.99144151173773,3.883952699179158
10.272095138722657,5.727671621976342,4.024851087163753
10.38399457843485,5.973087470942356,5.2591466685312795
8.045422991129731,7.388098757987025,4.8734238373614485
11.035627924626402,8.169478794797467,4.363996899825121
9.190196281881311,5.808299747049371,2.303780717740705
10.20218805551402,6.411560665738645,4.962248470499242
9.666840928936168,7.473258587263005,3.3578327924514415
9.734755328547642,8.754255760685618,5.606376747649787
8.093502479406448,7.1875834641386,5.205478270215743
9.786676934913038,4.459955176805428,6.122213759335435
8.226413474788433,5.666498200989165,7.350474757211941
9.862954187714026,7.0242225567645376,4.637472408891879
8.318394000059207,6.02932125238422,5.890425494323621
10.341139152431904,4.44400765289304,5.749313984046373
9.371614450549194,5.939950669066196,5.922905904089042
7.776944532675307,6.8069409946289845,5.44830618138525
10.353057274097365,5.0611374106523535,4.527574614367971
8.051382373294105,7.1446882310914255,4.350827895290254
8.15965899754472,5.287178959828331,4.9535495149976025
8.58277158924681,6.751517054122678,4.854736110345766
8.512982060321981,7.359041972465031,5.646872274254958
8.385234853618863,6.666735497796738,4.682578279031897
7.161505602097401,6.436986410125012,5.7876088609637115
7.634277154155414,6.295338895781537,4.396808795649537
9.954445558683155,5.1072333779837,6.395165556220288
10.13387235506606,6.939851177678298,3.9078685367197554
10.010598547399026,3.7463559649925795,4.711995842643073
9.213345388858263,5.9217573080353985,3.355922060753001
9.811903427821747,8.515894045437644,5.334806495343437
9.185391972902048,6.193200410892277,5.474580990878267
8.974550749988794,5.3488948823023135,5.356518194351415
7.595494351348062,5.548728878859106,4.4299027962981965
7.232965779340558,6.39557215300362,5.387336988602992
9.610115525336592,6.520759545851941,5.3144809077813235
11.409809365248389,7.410208054505377,3.5462401204613743
9.898728573743005,6.445013455349717,3.7627997597753273
10.24898547981834,7.316998168551917,5.200539623364744
9.522434481757484,6.7107197334792525,6.1044310465782345
9.58152852059262,6.164573453570136,5.306780374728537
9.165961784792332,6.321556752218164,3.399544466374574
9.580443869274745,6.5573677513146365,4.562434408858184
9.32661521588079,6.43071342437374,4.187354048515621
9.290688576933139,5.558622908068945,4.579638069366648
9.375554639349756,7.924673243542374,4.7396896179028545
10.042035397295534,6.832338278444057,6.638500440076301
8.14232101041961,7.306970900897825,6.613480295493687
7.60474952054794,4.914980189840817,3.4044225170571902
9.76626755524857,6.560916248186994,5.263026518130137
9.099029239029571,6.366436253001708,4.068627600370296
9.250733518908484,5.358582216144749,3.267310768633682
9.842012688652297,6.399580598461337,5.23173338943438
7.132944581407801,7.345363843369811,4.567975985418314
8.159362279573983,7.535921652054817,6.784613847510597
7.702155808660803,6.679122535549036,4.099571611063337
7.940567545718819,6.4719739861650405,4.212340184138203
8.157256645671529,6.04418896791121,3.8626565841162592
9.614373755406794,6.127108120278518,4.4599280303836055
9.729918543255591,7.432624379441256,5.211909186673155
7.748540403526909,5.0656635913331725,5.548874549988434
8.884084953049289,5.774291840397316,7.250438993325323
10.67753429963935,5.352761823632163,4.954484713120999
8.390800986144964,7.374445770429455,5.765078899626495
8.452930688577759,6.673952961531914,4.7485236647549325
12.03661193935157,5.938187850641789,4.419553309073116
10.469939981088537,7.214885704281044,3.4250024105123265
8.57497918075528,6.490990551433152,5.224966601270888
9.137869799595098,4.798774722950922,3.4403818771478054
8.6765522451683,5.346367546709208,4.710585318961075
11.012405740232683,6.340152165116796,5.698386709741126
9.198366548666655,6.306361214764946,3.9464696697298356
10.174602376235192,7.581871242228391,4.971886843994751
8.158931346863293,6.904829826649721,4.767143247483593
8.296392695933866,6.226204006105636,4.583848316001748
8.829235841282001,5.976386570842849,3.764210113054366
7.004807070369202,3.9739438473988975,4.552171115961684
7.017463728137003,7.584716424994273,4.887546996043178
11.43458620329303,7.444886784690445,5.060201372430782
8.75024158850249,8.455171216671111,5.308029265406463
9.024942090752498,6.244851674530028,6.453765031720334
9.437685360061737,5.845123380241158,4.756216374031979
8.165657852912792,6.083117664868419,4.8494226791123705
9.510405832184501,6.788039342019616,5.225246076414909
9.58516199549186,6.5783018055039415,3.679711344295332
8.049845365678628,5.185217322685977,4.918023979727665
8.283672772445579,8.131899472716102,4.7207734454935455
8.482874459012965,6.939519611962768,6.007761472353712
10.24097546465859,8.909161101887662,4.008594352812195
7.540952102601972,6.428623380925191,3.6245318202801906
8.39248807404299,6.264769255509301,6.202537209376239
8.812785934843182,6.398365986370395,4.916718593075852
9.08171718789271,6.936554595187677,2.8649226873781983
10.040732071337358,7.954886841673831,3.8566121913923688
10.266110006590335,4.811660998800379,3.3356623218681936
7.591857052156441,6.698739735078828,5.838079944319756
10.299434255419479,7.577907585715812,4.646525089771217
8.285893010692721,7.549220283043502,4.97978646861635
11.227084082863795,6.66612977435297,5.176706907624893
10.766451485933377,6.493298542365546,3.8761672218682572
9.323008237457511,5.947750911713459,6.225042887178742
7.924276900774624,7.205107814188082,3.125282457456195
10.49034524523767,5.503568373121389,5.444030839148248
9.457302456736347,6.014906694675179,4.281568323568001
9.499895104078206,9.158273560912468,6.1700051649695276
8.625470119372729,8.198509638483356,4.666012932953745
9.533904782729062,5.770796742409339,4.699320955763861
10.276380717867752,6.122181802027186,3.545484161507508
9.747017024503435,8.763682487511995,5.067739302378865
10.681637067746633,6.575912451960334,4.018031820455413
8.95097540746426,5.916209639783477,6.418835650898126
8.86784051585269,7.493949172582472,6.302065951428816
8.191714595253984,5.709449940553087,4.222377430633444
7.988447188331936,7.680327162091022,3.4992020725317996
10.62680338516767,4.647797606801576,5.917368924026505
8.978470290989012,7.680342899810045,3.788828430385789
8.780775702576396,7.610103941904657,6.112714650880101
7.593186171987552,5.891737192634089,4.548122601246594
7.605732556520964,4.882288412981297,4.045675555260755
9.585365010026127,6.340329650729208,4.540505540659226
9.622783647754755,7.010047327738903,5.776042046025397
10.390137462146054,7.117140098269151,5.109690231464736
7.752338640785076,6.719170932733665,5.125435955400734
8.073766510029573,5.504130554985509,4.925120443076837
9.748951270569437,7.439169540345898,5.570532706081302
10.208553772941235,7.161432457758769,3.3420988061355894
9.40915084771457,6.109063607219001,4.214219698916109
8.70954961732646,6.6405843273541345,3.915304378245632
6.9934503305057945,6.608357544951289,4.210790528599823
7.990965877329052,7.0922018976063415,5.094163714390028
10.351795131450384,6.417604455516048,4.568255630434172
7.625926082315617,5.299467321242891,5.329309199998206
10.89879903058372,7.463443497554625,6.0273481178449995
9.668671761222857,7.797011016727566,5.575326167917614
7.795207756896343,8.1792053516344,5.8411406456223425
8.316501847181843,5.2879108040053815,4.4983972207104985
7.690613005978554,7.021172277929407,4.029712777156071
