50.521502241959084,3.6878974631191985,44.92223638147352
49.53049659567136,2.125072600256677,46.16718952775869
49.806499421981066,1.9113480788299564,45.444713894110016
48.62902396235415,2.6926083965295464,43.165259126217926
51.58072147393719,2.315948236173527,44.87684580644929
48.98328033301066,3.5918869309606567,47.148787290699154
48.30072810234511,1.5931783165806488,46.12615238440751
48.9342128907642,3.072554319290006,46.045167095818165
50.66723242780238,1.4142422706889564,44.72303947729281
48.160675834087805,3.5460028189159942,47.23112093036444
50.51893215784896,2.864201858178224,44.88007324479504
49.588917099088,5.441274689205595,47.36811704809135
50.53230073432164,2.056834123325949,45.33037375349856
48.10173441792639,1.5365239191199989,46.91493510803827
49.14988574424189,1.565614416992647,45.89956805900189
48.29991310646292,2.131059347534239,45.323642848260825
49.59606004515206,1.338610751212852,47.0774313967648
50.0587565380413,1.99498817003307,46.54869459372264
49.13087934572462,4.3432818816401415,46.37554570467177
50.06316735728865,1.8894094751479633,44.792789781134765
48.98885959921712,1.3855869485859904,45.38224215558161
48.25196636715941,1.8361751080778097,45.11491695912654
51.01933582267391,0.6015037850697795,45.92725801590989
49.37647298828014,3.85294689248565,45.91414383086172
49.882179687435865,1.2564397010597315,46.112705152400075
49.349057389750385,1.0062448540652653,45.11959130418614
49.97519792619607,4.074379079666674,46.23528836335161
50.255070468862236,2.1836048281612017,46.90979708611381
49.987153198985304,3.266811985395374,45.15876322417862
49.51268641243398,3.149766456876954,46.06230144532412
50.35370521899434,3.5378709505807775,47.3056385770697
50.88809120452345,2.1169842405979544,45.3627010486982
49.59564177823985,1.9846173032957732,46.621724443124926
50.419775858320364,3.28546362966533,44.0617655642043
50.62158138673671,3.172439302193934,45.21105417399376
48.94963843194012,2.8830703468167056,45.20516876812559
50.680222855378084,0.6177225887927822,46.29350379799011
52.408693836147506,3.0486304218424083,45.50190455964364
51.09316779171932,3.5012723845446514,44.44968633677398
49.41205450706769,4.030215122097236,47.77436249994764
48.90024726969749,1.0202873309007778,47.059495799549154
51.33023950217186,1.5709276762863673,46.02687365482518
50.988905495479464,2.8915361679176885,45.1778163016419
50.01723542662095,2.2545607103617606,44.08862973309665
51.10699957495317,3.1296454391220156,45.59586594769302
47.81112125603188,3.0637863808443315,46.91849212399003
50.138157372919686,2.0702822709792783,47.573127706015704
49.79023697322916,3.47908055465245,45.52490571207811
51.144286061761846,0.9413209073303712,44.01378188093526
50.73822232792919,4.005432547360133,44.60650701633139
50.350080264665436,3.223129017583341,46.1561978417685
50.41168733535439,2.249190472101133,46.253201546890956
49.06079564908603,2.0990510835738365,44.1311520309307
49.28163701200434,1.8188016536145075,46.60523268715985
50.77988564023873,1.1205093418593162,45.39439967822867
49.90594934316826,3.674940492771174,45.49172639264345
50.39744981397856,3.332183421244342,44.98055871636628
47.997428677927815,4.003698813985327,46.021009220316834
49.422089035120955,1.482303493989644,46.92376227293816
50.26143990674315,3.1675744909951167,44.321385436554145
50.54084690452728,3.5522200438770684,45.82784655112633
49.34335044135899,1.6212149268791511,45.620575813620235
51.186705566208374,3.2083328770053656,44.89520529048859
51.87612720616149,3.89947593739576,45.11643215266765
49.818975978048904,4.899764529783558,46.69245327767984
50.3398091873222,2.474975777190984,44.909536743674494
49.889219688190096,1.9856690866747375,46.636452731373005
48.64812205099417,2.612417317488539,47.1634533495343
51.45884371826476,4.407604666241564,46.52629869495759
50.65302192133083,1.0079246447835295,43.84341893799206
48.0599805899984,0.8489638783987208,46.04235863552673
51.42131408101265,2.2287421479384943,45.996413582499166
50.49212594928358,2.306037589027498,45.72118008409527
48.141886258113345,2.2013737127487927,47.35600713787719
49.83391782616338,2.2182052499138356,43.81361097175514
48.04889372297311,3.2668180624798024,46.128796589360846
48.60520368695116,3.894142438040369,45.50585466683331
47.652585352446195,1.7860119064633166,46.208415785014004
48.63505973846176,2.124257233274963,45.41113441091685
49.266635173381886,2.800782403632054,45.36886452945646
49.84912202245875,3.08766995367595,46.64607076785504
50.33553049000848,2.4466396101921575,45.13378040727459
48.942486334135566,5.139198796541338,46.11183839185304
48.68479195345064,0.9175146863512671,45.215769336553606
49.520875751547415,2.058177053903668,46.01272884788575
50.147021232711154,2.9857439960920242,45.28878876251827
49.18204908858818,3.7220325768101827,45.30271989264126
49.29815244151514,2.388252374185483,46.94490929292298
50.536573177120864,2.9669205608995832,45.23527899900082
48.178030373552986,1.9209468058715702,47.45894939671037
48.93589931200122,1.4657188898349134,45.633777415167515
50.26306957334802,3.0292336238999367,47.385880065154375
49.21890709696254,3.871090671516688,44.87208712444152
49.63865372524779,1.9458770948585005,45.79227914178845
49.46355211699612,2.869638075562482,45.852745399894474
49.55844621121599,2.705061371181785,45.86422090904971
50.45033470054596,3.7261653677617934,43.7615095637999
48.273804709162555,2.175328469502565,45.17735653602691
49.08564279456815,2.997032594555547,46.659339153959145
48.73263245181559,1.9927588096210758,45.668574627927754
49.66239155714672,4.167089114425769,44.91440102462624
52.05019212245835,2.5548716765236397,48.21114501783494
51.58167799405992,3.845707453541759,46.99092153733299
51.09769429879413,3.3093547697269874,45.24668732634774
49.94354813329818,4.617129609525865,48.52676663474003
49.66826592106031,2.809861289676813,44.61314647513626
50.02117728413906,2.4751504096279806,44.74191081157656
50.37832339180803,3.3399507864483233,44.19689303208173
49.841125356807034,2.56581537626499,46.405605177623805
49.749379052674726,2.214818966142947,45.27531326167019
49.69192136392401,3.688231564093436,47.155933898344
49.59807276774848,4.428164746052307,45.413148795474754
48.0813694073144,3.181912489036682,46.35500345539421
50.01458495363787,2.566992908871232,45.22468613297749
49.499359144420325,2.9842527912709635,44.64330874254969
50.003264028283326,2.9574170475602717,45.268818304338815
48.7487983816701,1.8003596196128142,47.04886701943485
49.92006297276502,2.8396982743236614,45.68814858383852
49.52626011919561,3.0954020200100922,45.82229377266758
48.65997030962945,1.4018520023296972,47.3516871770697
50.06268052235752,3.037940890021837,44.025217967535625
47.8454077478105,2.39896351683399,44.17372775405419
49.054754615580286,2.6120231879511984,45.35475957285194
49.20653524213738,2.333336570596892,45.88385155949623
49.65969336528473,3.141002649461851,45.49356348202499
51.21585213419498,4.34044328680785,47.24418492104511
50.97369948813515,2.93956206572847,43.70928361080234
51.63821247323341,4.027401934498315,46.78128786064756
52.028408316451255,2.7649719449507986,46.36513930472204
49.67895552742481,1.4493375721846102,45.12909915467306
49.08409351488625,4.092087020351566,46.021111731658856
49.15378190703409,2.957060618795124,46.34626729840044
49.59033895779971,2.5802613850525633,45.9258302399682
49.982543860883226,2.738809245969361,45.749222706094734
49.11389322072796,2.011668345189279,43.94438425612778
49.8374512117524,3.1823576022633455,46.06408160625069
51.54159706100172,1.9197187856968587,45.785386898514815
51.13327728944797,2.0204045095547176,44.47659966643517
49.84099389387114,2.9435821605793415,43.51731611224957
50.0475216439216,4.578005062536434,45.785915117122684
48.54100497870249,3.5999433391532616,46.3879578408516
49.80344111570207,2.384443618744234,44.812786758807235
44.5216272340242,28.905887469245933,17.474905548941642
45.94666780829869,28.58346439008338,18.317908944729783
45.330544222904905,28.02804939555763,18.46472986013626
45.19535168317946,27.465310001870847,19.884126539867918
45.10761860458871,30.053593953225494,20.65321907000792
45.04205455147033,29.574562048950135,19.287081884030563
44.74161249413896,29.01716997913289,19.264097045666745
43.6586913764403,28.90477536003045,18.548383039670494
45.980461949660295,27.1610568902516,20.08099750155332
45.94968462845446,29.243067845267674,18.550053314861582
43.13908680334775,26.6022719134743,19.979404802230317
44.87118420580107,27.98127131023851,19.01456883965896
45.20778466556919,28.45899848606916,21.227337131443672
44.7343064974445,28.252258535415777,20.289512165538934
45.187798777142724,30.128690106876114,20.946958495241557
45.24301758454847,28.996869866812435,20.19201055661742
43.795099952986064,28.46090057625396,17.586777558037767
43.492134187834125,30.415778707071063,18.80182585563577
44.722965300329015,29.297023504747163,17.806841298095563
44.91992780627507,28.646449626592982,21.01807115084112
45.532561857817704,28.52648904970042,19.340496424330578
44.143778214791865,29.273160068844362,17.36876031462227
44.35302132648868,28.307713390736836,17.430416833292014
42.49826705534629,27.437889502651576,17.79304094583897
43.358185367246634,29.369232793038883,20.414118207525057
44.60443954000426,29.573317726222854,19.62529108527106
45.814108986431094,28.9537481443489,20.117753969395313
44.95721067046448,27.47596575624305,18.552389573183913
44.92665449812672,29.644477745572466,19.165779617070726
45.13515295869475,28.05948531201559,19.266912271067543
44.872635948308606,28.581411560227988,18.83436432658163
45.298736661903504,28.71523180467433,17.87305166003139
45.20943223894722,31.137721689604483,19.956919644740974
45.338101356057585,27.64478692445327,19.24060221854675
43.280241145899254,29.516098631071454,20.282548845477596
46.1185804347158,29.112430487370144,21.152941572227608
44.01657728491794,28.810980468014183,18.751377226797906
45.491138194551375,28.347791178338223,18.733673620664106
43.88604542034186,28.530144825868923,19.185658580458117
44.45668662390386,29.091652093944997,18.279067380437077
43.55206491370839,28.604144340398502,21.06998784374196
46.10664642711339,29.05175445711825,18.99800972509643
44.131228195662814,27.52212002141804,19.252262791917353
45.0846563739843,29.171239562647585,19.8224048696291
42.24581662739608,29.069787046322478,18.634923670494878
42.79171648629837,28.255566169689814,19.37361370309071
44.36105544438945,29.482741626624087,19.077321919320408
44.74751670593474,27.005145443146706,18.600084521678927
44.349737645775676,30.582416328908142,19.271533739097077
42.97548024791412,28.186929985366476,20.331967511103993
45.855832689702964,28.477173244405176,20.05911373851017
44.86871228672281,30.00136574824555,18.932401652142417
45.10423518169109,28.372132669605627,19.507849322486702
45.656578816133546,29.88483781172154,18.756144762315216
44.66983060787581,29.537326588874425,19.845114840406783
44.717364106303,28.95444692242646,17.52775043251203
43.787520414173066,27.425176664098025,21.069169976402105
42.58827535105535,27.92299344000937,19.46300876062182
43.259572502892674,30.2186376586485,20.025436571240586
43.27809714638983,27.89293956895222,19.374516896595747
45.0963196359558,29.65633437587005,18.967008294899234
45.87108924128381,27.597503768668027,18.1062014602018
44.96819112787825,28.970370465684155,19.96386641298759
42.902827792289166,26.82520698436949,19.975721393818905
43.559846664362794,29.005189135964216,19.789603794353233
44.160028213640224,29.58123603627044,18.596869886999265
44.2264749486376,27.83045267229828,20.29415775317202
43.79459403553815,28.85004372539921,19.442164317618957
43.291716328861426,28.78602794088701,20.38552703401334
44.436113084495915,28.760543533653667,20.619217073345705
43.05451562275125,28.886552297449384,18.75441825609304
45.10045974721437,30.25692754386549,19.538558940665222
45.3263274098332,27.613310691227486,17.076089400727795
43.84059083179115,29.73669692836698,20.77429891181991
45.287608018283244,28.769285895150414,20.022673478239852
44.47929160748041,28.24178000538976,19.939547087298102
44.94383412547895,28.30184839997979,20.647433497191514
45.493945474249024,26.817268435141067,19.59373434936276
43.95020610686587,27.638595624390412,20.61799793138881
43.80217159999824,29.665483928225964,19.25656459894159
44.66972722846529,28.168655723753282,18.72474577354747
44.44644824603944,28.860005287080867,20.084221354581
44.813035074533396,28.71530161283518,20.234714458266446
44.50762526304508,27.573321809167865,19.792392122457994
44.133484370928315,28.83374637123639,20.21930616105578
44.35945088551037,28.90627042439587,20.0078075220003
42.77999305334746,28.789678804784785,19.358656302726153
43.56457824780131,29.569004011892662,20.234085276126272
44.13739466321378,30.268545905064506,18.567206942555252
45.43579489382154,27.954118672679083,19.80470367751331
45.84141711138981,28.124587545446353,19.438458790098565
44.555018296644626,28.099078477591956,18.78734191193882
44.662424733486404,28.66727517644894,18.908063120323632
43.0052162590982,28.398200875438626,19.754581709547086
44.928932281171605,28.655531216305402,20.370855335078133
45.09965200617129,29.335190479436392,19.928879636100806
45.72809420572388,28.758222271853587,19.892869285032436
44.58451872020652,28.17008227974078,19.19784758103376
44.23062041626176,28.95357025147771,16.775578027042624
45.22778553466294,28.887735062309982,19.860741082694688
42.5033905368985,29.45503375686315,19.17470263875454
44.90106538440647,28.10132931236969,17.87938739137042
44.3569586539861,29.69714481185734,20.878827307165828
45.026536811608956,28.14448760371667,20.93864183523688
46.4095959607089,29.5427690972873,19.18075165521528
44.654627097226175,26.672594449026917,19.903568135601503
44.52310038875913,29.414795499142045,21.217849814741136
44.33866205662632,30.75724132867825,18.7693190691108
43.86040502507713,27.608265875512682,18.55462849846541
44.854409622725484,27.930767355006008,19.723756919380733
44.47325939789705,28.091717598705074,19.643210432078753
45.07681316485322,28.505425589775488,19.859044258745833
44.72522138462901,28.851365787486024,19.869308841289136
43.00062196289,28.83827721484566,18.43982807517372
45.64175284636864,30.251839617565278,18.649109861292494
45.242618736846374,28.384611822592714,18.9778741814835
44.47826937350686,29.29844523769855,20.364478686953063
42.47755682471185,28.654316137009666,18.391724935246344
44.16805946393719,30.266636004303784,18.6648533223262
45.07231715905126,28.45432776305566,18.11412907095694
45.97578257908611,29.710435003670764,18.65634704180479
44.20733430414703,29.777591859433297,18.40919170436591
43.550837157261746,27.685673141833515,20.545636577028546
45.148401692464965,29.32204668032288,20.175760810508898
44.181490389267566,27.87946405865683,18.99044762256731
45.18936028531507,29.326875245458194,19.814382627398686
45.03229252465362,30.113652748536886,19.90220327001054
43.46690575471577,28.221101477079095,20.611070680414237
43.929311068432455,29.93719349202166,20.503602391616596
43.67614127572905,29.408182812000017,20.08374744724433
42.65758067542842,29.26586436296116,21.491295959258473
43.96760799786641,28.544788506262456,18.354340946753556
44.809522830405214,29.294165650206402,20.763600568866416
43.608614128439015,29.530988215376077,19.126109549769307
44.90253758043139,28.447203644657847,20.155401662505454
42.856706833782965,29.612517069832155,19.985118704611093
44.23009947095739,28.28094299786044,18.342577432772718
44.13043155800183,28.73833527689198,19.76434382536182
44.72938993452362,28.634778533022306,21.63670250952767
45.24174701980449,28.90498508394996,21.502637123009144
45.478354478976655,27.895290438974456,19.913091241672753
43.93327540603473,30.608271370608474,21.693322252739474
41.05376767235192,39.33440338172371,40.80447863294915
42.95634456525912,38.572613987323194,42.300312745536445
43.1356991094818,38.15553666669376,42.94313550688629
42.645773730705535,37.25265514352194,41.33465051546595
41.92009838072825,37.258003662153946,42.27634755755359
42.96430192563693,38.58285129193531,42.528992590495626
42.18739341207878,39.35601438894517,43.119196299152634
45.27594215405225,39.846773435376555,42.76763865484368
43.75180032136582,39.424029934739906,42.18390275709444
43.95546505153891,38.25411744771049,42.37451214910851
42.713787156363956,38.40062475368507,41.83413216824353
42.50357716951522,39.578268610443295,42.04428191553451
42.795617863012765,40.24262625769221,41.86544590772925
40.22315352937259,38.64107443333258,43.3881735380399
41.662003246690084,38.82109425474005,42.08671144322155
43.98591034169905,38.619759086823464,42.57458520721354
41.30589804621037,39.24401643406576,43.633289244591865
41.95430591242374,38.881093512740385,41.90561885570411
42.74205664785715,38.678576366710026,43.58985377169528
43.34825330995941,41.299998920490644,43.79312764597118
42.97876705865327,39.76697580536364,41.83114608778942
40.1070782909632,40.402157839864216,41.97974468233526
41.544906731687114,38.40544679221394,41.36389743892694
44.00231827298004,39.15941597716047,42.67372875766708
39.91316452220453,40.071469017064786,43.25136049456592
43.86138798033121,39.052893362935066,44.097494003326105
43.03427273340062,39.045404567671454,40.95762926193983
42.39920974115954,40.14405248155095,43.50022318034688
44.0821345439376,37.78193026638218,41.89738682895782
42.1983899023432,38.93407591108599,42.65113615543905
40.83264817236243,38.787036673213166,42.88907543653635
43.70263337716725,39.83859872465651,43.56754791957188
41.494195632532445,40.177298038723336,43.067939347949704
43.47939006802582,35.91731469476277,41.388294712908575
42.95191572081873,37.918559102326796,42.77020777922161
43.15313134228464,39.8015729153198,42.473433245665966
41.054618276493684,38.56108389047442,41.25143219329597
42.63559963652523,39.68629367598087,44.48694426550809
42.14027814680926,39.655390599854556,40.85517764721479
42.424268610348406,38.48721252531076,43.5009064440274
42.69677706033695,38.524124393592324,43.82765242998049
42.6780423804385,40.2087698533576,41.4790000500742
42.39371755198881,39.08484923657589,41.98309785134617
43.92545736647715,38.68242163512264,42.8661652120702
41.47612056864412,39.40369165652842,41.88571273980488
43.48666642647694,38.293995733098726,43.459135174213905
42.236374889479826,38.61325713019865,43.3821651897487
42.96088074679997,40.274545162956414,43.03453068014852
41.765704183836306,38.42286128889617,43.482852743922216
42.567349423617344,39.51520544325895,43.12749888825831
44.078620618874524,41.102477362824935,42.44801368378122
42.28496305704858,38.5625413038233,40.99338653228268
43.190814194144046,37.786245001118665,42.420872127106364
42.865532663520625,40.24271805607549,42.44850223964199
42.540811117194316,39.75492377214552,42.57107807787541
43.01735787728714,38.267691174497635,42.96469256417227
41.46029115648946,39.17914632302795,43.93401006818575
42.962535199591365,38.079064484417444,42.62985547862541
41.64450667508336,39.05878895012371,41.069138570456154
43.89615252771772,38.96058555759883,42.0827187934183
42.96643406082882,39.663476830304795,43.400265619511835
41.86944927753856,38.134107635965215,42.582975562204524
42.356412329171654,39.946522479466935,45.00118328764575
42.99348945437678,40.12409763257969,43.11678651726765
41.62600410530184,41.17424188726788,41.941553759120026
41.35350112563875,39.00024332355182,44.03086302874969
42.05474715919408,39.95510180700229,43.13245353769957
43.441796518136634,39.54681956070088,42.2770176285168
40.504357866062264,39.05313867331993,42.07657885812066
40.29540237815697,39.01133220453025,42.64160414961544
43.6363252274374,39.09199826688379,43.9518607526308
43.05184773334208,40.06980906643202,42.63883238467589
43.281207094856725,39.697227314116915,41.743220716034436
42.87786114789829,39.00410549391184,43.04218108562703
42.268286369797224,39.84207991364035,42.56289146072874
41.56835887135812,39.70082340767709,42.39001103604716
42.64816297302911,40.025770099231174,42.71544446081048
42.10727044476341,39.60397041795503,42.42148740322819
41.2964559305993,40.17261089367536,43.02040597138666
41.50184560375542,39.887646622491765,42.84918080093216
42.15041129668826,38.851416167547995,41.885199973003914
43.177888801950765,39.76245418930434,44.15957968422124
43.60117566426941,40.098771382956585,42.83718833100119
40.63579602573695,39.38677838984986,42.51407902654366
42.23975260113431,38.91494465934806,42.63303377580532
42.87687892890917,39.02277690601611,43.8696812822221
43.11835244684717,39.48005988767684,42.827313854337596
43.289240315149556,39.091590881683054,42.41775617192494
42.289832774433435,38.82294580307115,43.11313621295277
41.18602919975981,40.76421192007977,42.76718001743385
42.20359436198836,40.90701896037369,43.714702263825586
43.39612135957083,40.601052594370664,44.003746144032874
42.93317386471285,39.00349865995828,43.077519544602104
43.87459555691149,37.94220164925934,42.064620607417254
42.40189689751972,39.75584310543955,40.561930382637314
40.69945461771687,38.71929086271127,41.86441235422624
41.880824092949716,39.5677271448549,41.16092573842267
43.09763826966626,39.37550041185719,44.34492628740149
43.671556417493846,38.04804458349566,43.31662773428977
42.890165608431786,39.90427957344088,43.725000149536335
42.438056649647656,39.642113017057625,41.56374303902505
42.12128013809044,39.65693640216442,42.60048403500782
42.798918308433,39.503425219943374,43.472854113186074
43.39183848496209,40.4251133691672,41.688343377267394
43.47773376758063,40.58633718367779,43.65520853717704
44.82411230315972,39.813790587876085,42.69191207551935
43.50648210970808,37.21873428560036,42.22991469864142
44.147414658683445,39.23760753265233,43.85422392023557
42.64515093913095,38.9783278958327,42.166664728338915
43.199969973072825,38.87965406299868,43.789971316841765
42.30718898525216,38.96102586814502,43.38369432126901
40.829933300637606,39.63510842873843,41.74843268211529
41.06236414542265,39.908260558382985,43.083640511025465
42.47078893678192,38.3453895075221,43.30613567294681
43.511915164400925,38.40581946310128,41.97059433259882
42.526182442348215,39.30721674715307,42.16054601602048
42.900816565680664,38.8635782030457,41.18514649617104
42.59250557867922,39.90369948787201,42.12651764344802
42.232298844562585,38.75231962689219,42.504387273891744
44.5475034839611,39.28328937436536,41.43560157636197
43.985464882034776,40.140840274101315,41.19283157086841
42.70854869413956,40.00346474960104,42.84337933965594
42.99620017033144,39.077952870616365,41.29995296324255
42.4740275248782,41.04475862736176,42.94357748948119
43.45820923038346,39.51365905470929,41.168462829261756
42.7293872174035,38.467376966498094,42.015289385698715
42.41692589052338,37.432002700693026,42.828724240094516
40.56999772780435,39.11754864106848,42.39532188018967
42.0474492302614,38.87126866870391,42.10462015790175
42.76003380353786,40.30040926238008,42.786524737581416
42.240479268085636,39.37017458612283,42.41224468564352
41.61855807422679,39.12271152788191,43.21049079727133
41.89323816320453,38.189493912341,41.898276169581344
40.66844982835752,41.23098915409674,43.0384683308359
41.556109675851054,40.23126818419626,43.10384964048321
42.00715215313668,39.48907983742317,43.18686476558769
41.85411263008791,38.03765104131197,41.004787971924046
41.09515772850052,38.964984165146056,41.9632384242662
43.2078155739667,39.87369046214668,42.40519821774607
43.80658536526423,40.867313764962276,42.270987509357425
44.05186238096309,39.233042239281595,41.04113483163836
41.29051484822732,38.339748470860684,42.327480981091945
15.287789053626856,19.54038196614758,17.884505584525535
15.207463356479693,18.309195126939,17.230559051624194
15.917146519141738,19.657554809077773,17.46440141913012
16.368355615254004,17.816837747778482,17.253073249934477
16.989707671118534,20.169934136492245,17.17251153810077
17.087704393065344,18.9583393383485,17.06740174927009
18.5249845074944,18.518378891547627,16.198691296798692
16.99749117980906,18.72230896996027,15.872416294231465
16.614103012583936,18.93691695365954,16.46006395200655
18.360121731789576,19.456183302256562,17.495381078331057
16.647439648297834,18.212211978588844,16.716025968402995
18.066064196110283,18.295269357426942,17.420573004733757
17.120312802950558,17.269698461671766,17.54605124154653
17.837871089071722,18.141503930378494,16.896237139666532
16.74854869508742,18.725344893903934,18.454901479595417
17.506595867188036,21.095148503324552,16.341897011588546
16.555794621371874,17.137267137010035,18.29247107364282
17.18859020051179,17.4613106718722,16.24468649206481
17.248775891978354,19.47837201710175,17.22060902028255
16.14014257712113,18.5102389611872,18.461482627477103
15.724508558413268,18.604438516248102,16.288545073928173
16.390515634325983,18.001504535501926,17.02906123601708
16.72287273400518,19.918570239890173,18.270715364722445
16.390263480787596,17.01976019628947,15.437139765677461
13.872821129858098,19.684125372109072,16.263340091593488
17.552413654327296,17.573413597547813,16.47003039643528
16.611530731052465,20.923514526905215,16.77676653073378
15.887614264234264,18.081799863488925,15.684746153849687
16.691047448356073,17.630081222674807,15.193268651730968
13.340456599123717,19.58772847569638,16.70942355995774
16.3127515776091,19.199978836344645,17.371890863430263
15.222794789694689,18.363913647653092,16.726977024006803
17.0707036946816,19.319591550953138,16.619460473433328
17.239895857815164,18.53706458987043,17.316042567710472
16.861877399558086,18.682080656408996,19.19711477174903
16.560040796634325,19.16809010866096,16.651326909097612
17.81984300241425,19.091122901555472,17.953181309265574
13.980508627677775,19.265352300257266,17.42667246643404
15.634324070147837,17.93435600178576,18.53207935212955
16.4846558201263,19.346526641249824,17.11125446273012
15.873114124289145,18.86119692526532,17.095231350303187
17.1517507448707,20.917267861542996,18.324388010349384
16.447917430280754,17.854503639147005,17.836740294664704
17.11348299169847,18.877665666788506,17.671922978264735
15.955565650853396,18.784657267985516,14.99776230236509
16.36029534180089,19.949224156187505,16.236210758757085
17.196103352197046,18.93328685678242,17.61513031274245
14.54707583427124,20.486890143652325,15.08526656106186
15.676945849672409,18.499254715370757,17.05518562544613
17.189360492936625,20.17852359307638,17.242974947711343
15.824411841605295,18.009491295005546,17.06165034916385
17.23631610375985,18.48083241432437,17.760016327518862
16.659911675611724,17.124039364284815,15.556721174895081
19.173565433143864,17.231363901040687,17.00678284511957
16.406627726974328,17.388431263250517,19.428391104913175
16.260470824341137,17.868154462363314,18.34158865843692
16.205607750067454,19.78641379300559,18.19792194227008
18.000138611797315,19.3724068700499,15.850038967019996
15.779536289306165,19.521140304097624,18.062828957244164
16.898744850587693,19.524221210478874,17.130212602754735
16.26762553337523,20.177394270932147,15.391548820944468
16.78897326738141,20.084172660619238,17.384745236214975
16.1457900380854,17.395423078580578,16.718657418508847
18.739570487898916,18.831697258445658,16.98844957634214
16.61850100197364,19.282320783375145,16.734591995145728
16.80469332502925,20.37514332315676,16.916286047237712
18.110057155749924,18.80210680540605,17.284663969035456
17.566562173583872,18.28487099169689,17.44017636154261
16.754117372163424,18.666342423503032,18.68711797112301
17.345170205076716,18.399313030961583,16.996503491327907
16.021164211690508,18.695732263864542,18.2526099571908
16.381226820619602,20.847395237344685,19.292092016126734
17.579509698828424,19.941680596937054,17.830366065382492
16.12794744315946,18.871625510484986,16.825829786678852
17.205664642831604,18.18416809283884,19.22051180294662
15.83008550859347,18.037829981127068,15.70524853129254
17.983115075923443,19.480629490124272,16.78310021534316
17.7783696441755,18.4805238870994,17.20502971082658
14.957551000860999,20.003238620655452,15.324395713003002
16.901370565687085,20.44749000081703,17.10405538816658
17.95593142290945,19.384409520879025,16.418426847899216
15.970036822568375,18.64854245910325,17.82241572568749
16.35586518288458,18.58292840835418,18.218560799463514
17.600741188159045,18.7332041014247,16.5524630177826
16.855299866536406,18.489167495666756,16.971063662099862
17.027571872757182,17.14781466858595,14.935295733766285
14.605293774792658,18.45962172900855,16.3932712614154
16.77278728807778,19.583510713708108,17.64500947988715
15.782775372162178,20.173847401021696,18.27452688758463
16.289264786557037,18.54150628404056,16.569779414271945
16.02213539201221,18.906226821164857,18.279681723739294
18.744173037059436,17.716404346945048,16.290546460535595
15.661929139468748,19.44959191888035,16.517236028850526
18.256275552885782,18.8925719180399,16.425833907195763
16.81581198470843,20.372192488472052,18.58302919033283
15.1658485369504,17.983661731464842,16.023450341231833
16.61766597980664,18.899690493197205,16.430266580287842
16.054670126429478,19.415207368410226,15.725358322366395
18.197188991247497,17.67239034179589,16.69160778318863
17.208561431450374,18.637665091292433,16.078436348508845
16.478679880476832,19.902125612403818,15.583041865308788
16.83173068962652,19.3100263978016,17.108959885378628
15.892136183404427,19.18292795249262,15.676934069355422
16.908022127327605,18.582040049318806,15.94323088114945
18.319985588965295,20.617987208353686,16.223593584016324
14.336495470401008,20.070636298922036,17.62732277679614
15.115067843108648,18.925143286207835,16.136064749758738
17.852262353040114,19.452878744880824,19.67628519591492
17.069719980588385,19.12808492674988,17.984809490379657
16.49093181451233,18.492760825097562,17.814753047989445
16.471021782002975,17.590084819553407,16.240757465073795
16.125161097565208,19.355580350273474,19.466843321569836
15.352273390987277,20.094163768445373,18.018605883317274
17.557899249444727,18.803277680941857,16.608206333348495
16.68884310613951,19.61665433633577,15.938236097607739
16.65685145024368,20.46368320830485,16.513500042027193
16.300373835948573,19.115505625687142,18.160743521905967
17.335714826666955,18.90688747546525,16.907676712099995
15.703166824774915,20.34887419623504,16.957984099206165
17.53173349962547,18.774979579981807,18.596716228402904
17.90599357688825,18.663114792846258,17.117928507384374
17.46041401884486,18.4979764908198,17.934330392400902
17.29669337060516,16.529422461304172,17.751284526192787
17.40490568661922,17.89471887523246,16.861872150482377
16.341068513696992,18.41089157160157,16.42737940696882
16.24373262836414,17.976158631988504,16.47928816514823
18.047438441868394,19.588335828639263,15.968513241032102
15.45935038164837,18.306050403231637,17.044672118227595
16.6007573687818,19.12887104966084,18.51876790103649
18.44255021673642,17.66216299104124,17.740442975293778
17.119594822662997,17.673719834652296,16.754608176987524
18.05700803687986,21.164021960220353,15.869006521189252
17.561778686583487,17.9209775067971,17.87147731531256
16.63416497627904,18.37682620373065,17.31327196690341
15.678595664633876,18.970061404390783,17.7444530344612
16.179518458346717,20.68190313597134,17.213402266277665
15.148863218206603,19.203263116446024,18.134542979746865
16.87541293493283,17.827606021819378,18.347553834814597
18.142548475852326,18.002161267952395,16.454316724167906
17.094070160880655,18.52094111327127,16.59384772339792
16.239765507192477,19.134542700224266,18.00278560807546
17.68046600515577,19.047935410100262,17.346869545938002
5.681913113544989,3.142801850700614,39.936370755600144
7.415372525804719,3.6685024177384724,39.96084192839249
6.55224729642521,3.8111173580240716,40.61176975408979
6.060157127313343,3.094223233702315,39.13874591064348
7.717331141087588,5.802662547959107,41.42126203355966
6.194893134376786,4.889751471436011,40.63819450318426
7.951519037668467,1.0231893035312751,40.324205293589465
6.2288787431133965,4.45176200617414,42.60189672917914
7.118666228379217,3.5985523458478106,39.33736535292126
5.898227825409062,3.13311643731599,39.73789172261978
4.7228419501490695,5.2454638660514785,39.95228662148354
7.1390719958268605,2.621032902590078,39.233397309612826
7.863296418567586,3.791247834269804,39.97117002390692
5.451976801722232,4.367079986416481,39.92610773663717
7.19518241664528,5.15501339860995,41.03883526071718
5.646456179272425,3.28929428316846,40.314600284429815
6.200343035720541,2.7683679986573497,40.83799273757723
8.154136895377992,1.8652330545417586,41.24833739935076
8.265348114578755,2.5502897840500798,38.75469166898073
8.381904595074783,3.6727496012797753,41.39231231715954
8.492319429494463,2.086963528840532,39.130179423171
5.511909549164165,3.4892694074145205,39.4088336689928
6.296551370890789,5.291536304339062,40.97589168255549
7.725872747115393,4.275679647827484,40.38981648915557
6.166750297099271,3.521426270100122,41.130063295611855
6.998164743889504,3.8688134897182658,40.48771254858949
7.642311732320968,4.873633082220224,40.58344505031343
6.309982523814695,4.788705538248462,39.42488677077075
9.788116628157479,4.0574028124036765,42.23482486494491
7.077727125485868,3.6654540588785767,39.94709080292373
6.481941843672734,2.2989375907983414,41.85765589602566
5.370104253678528,5.169077899602134,40.5960214149126
7.884782332336685,4.778711167203742,40.27376427418637
6.217879726496211,2.850302994448504,40.642956804742866
4.440304264164281,3.7470389858999154,38.57771942256692
6.909045137319116,2.441416277872009,39.73686158489161
6.726965822913482,3.419315602578926,40.57450029305779
6.635499278433339,6.781079698123019,40.0496172599066
5.341626618886005,4.118351976799463,39.47112017856896
6.294796136406149,5.421367320241651,39.02821917240709
6.991748217490061,4.785532458179954,40.431135965457166
6.785690385186507,5.109900109013676,40.99802244921716
5.097880911122298,3.4067011679011827,40.56263391340789
5.7288492186796285,3.955626728188105,40.13749448910913
5.473129358412407,3.4814430364879803,41.577624766665984
6.640679154927308,4.450344438281458,41.920475297739046
8.503428906308303,2.972008167535065,39.467578226005415
6.063178448784484,4.5586717063394175,40.487301072765874
8.103047640094536,4.346103383668858,38.679601217298
5.536307345311811,3.9561602938943228,39.78315470929743
5.435132767037813,2.452515376626749,40.78672202797957
5.6545247299685055,4.573476447871359,42.0057640192202
5.809142720477121,3.0280356061208837,39.20272111628208
8.629467518181865,6.00926703362099,41.65970247906118
7.875343401967665,3.250233292790247,41.48790272467028
7.502148319624059,3.3128802627446934,40.8985604908901
8.491440838108847,5.301117230178117,41.62355770947143
5.092592833603914,4.509334412300874,40.958929940894535
6.847093714516521,4.813233062781421,41.26060064640202
5.084609006110316,2.602546488090582,38.86904662949948
7.16386060825053,2.2834973611514697,40.94935823513866
7.370739265035581,4.960616844956356,39.220995980551734
7.696238694580404,3.5371665258310396,40.996040508159126
7.56637707270284,2.559572996885704,40.99519187789213
7.15714866026612,3.8916744989456897,41.36049118057328
6.583608517732409,4.252134365596209,39.746771583884566
5.626031305841062,3.4277480190249903,40.57733174302893
6.499422157461227,7.211958978599625,41.33283753156963
9.686936763830282,5.795903882840484,42.23872926780585
6.775843779580038,4.355096893153912,39.40363306968723
7.1617771893243525,5.211570282960669,40.48287587625036
5.874327782613426,2.9574319780662472,39.3015517301279
7.266780335923731,3.4955355085391697,39.04157215786776
6.196529899989204,4.3925344880278026,40.67475573761182
6.734455796558525,3.4763016568574,39.91768785422002
5.8179919812084,3.132966477725152,40.74385928497269
6.974125820118592,2.7298305585434193,38.211413808618715
7.659275035651981,3.819184170539585,41.97249591860743
7.919213550193014,4.101472829823508,40.50423448848122
7.87136419083793,3.2937713851601234,39.76237027036572
7.300682633701467,3.2109984003930823,39.27654272277046
6.177927469850723,3.324029388123688,41.52704007650117
5.824222271228396,2.515247904170453,40.15940186898737
8.478568002743929,4.050470122499944,39.75643896921715
5.909447071842575,3.789723374853921,39.998813235232475
6.535853844897495,3.864655573933421,41.40844485835087
6.978388845051415,3.5768312058109797,40.46271232259208
6.572181498589967,3.5156957981253383,41.16280188598686
6.954701969307267,5.126142116694229,40.973065136676354
7.458380128274936,3.6487121382342558,40.259019668959574
6.443862825413758,3.8722403791359548,38.211012997984874
5.8168840590111595,5.355158726173522,41.985250141837874
6.587798266315618,3.110714381204383,39.71927426659417
7.83932990436344,2.781662567143541,40.38486565393057
8.663708534787878,3.7153445251718082,41.09899196374647
7.289534447945036,4.164464302875535,41.56663384830414
4.480600409340612,1.2527227647756298,41.82047852129874
7.704382519997986,4.598417393523692,39.69002219741676
7.4465668651137475,2.964615946580448,40.15191979365096
7.94599185693898,4.553985391235831,39.46457344737965
6.808455713588501,4.1634598447412134,40.65017139443793
7.162944526996163,5.951819545213091,39.3718768527906
5.196828660716502,5.462210689534674,40.32300080850971
7.228548175566973,4.208907168068688,39.90043019036783
6.815263787459945,3.972739086820099,41.07895965981653
8.235076519065288,3.870169950725973,38.90738643222492
6.956006782929373,4.558711285043088,40.37059806211656
5.073096957681823,2.236738652366443,40.95548491284797
5.701567115917323,3.199547731518064,38.71961726199094
7.6349026624366045,3.5002281527070847,40.51220927120199
7.388441405072207,3.2050439799753945,40.12919174928564
5.401217751618442,2.904944273549747,39.47047284093078
7.353394303479871,3.093340674476802,39.39306583012564
4.942482078013441,4.6204953189744336,41.41511242760789
7.543077682369015,5.6592571351012095,40.94966199200715
6.041528024752919,4.391856730079185,40.20259234286772
8.077693669732174,3.862546498663685,39.35835469046202
6.276654508402115,5.656824554338061,40.53308370131825
6.254411897150141,5.062600243704987,38.87144526897126
8.11353541148964,4.758569715451499,40.289560699560795
5.224140293638861,2.9575630997575697,40.09085826109311
6.279049817239022,5.044204914292475,40.41841743043841
7.175980911334247,4.46404835990204,39.42147608013499
7.265417511028239,3.120644702851378,40.8775578574238
7.480974497108681,2.913647264946175,40.20622981623431
7.127033912232716,2.8505965163902234,40.073984427575056
9.310081373520163,3.328057098350217,39.41819485451709
5.74357359157553,2.1546251472560933,41.252285932701646
5.428610069505353,5.217138577275109,40.679034564006145
8.124725869144891,3.0330320817115557,41.44003014803071
8.906026193641301,3.8095722316192333,39.71914295079236
6.459419463634717,2.9089168602267343,40.35098206534475
5.904573893486829,3.4695596137586593,40.35040234105433
6.495749630862446,5.407280876449944,40.59258510172547
5.730785556821859,3.3746867781312595,41.48444551114844
5.832402225671727,4.493906815996956,40.14313109471548
5.336224774649837,4.697398076356664,40.955598339563515
6.747544479075795,3.1983658437704396,40.7937603600704
8.335618618846354,3.83594673174727,41.54049633594327
6.488318576613227,3.964621298622534,39.34665858283326
6.124313550311292,3.6586645638906043,39.926377967731874
6.311592385812405,3.8565459419170667,39.479853806473194
35.21393378344849,10.14130951290615,15.415575246407236
34.549086724369104,10.416021451167433,14.978286526514696
36.15150981411727,11.718294250061382,14.637283456453869
33.00354389578881,12.745569534110253,13.881260701581528
35.15611883161012,10.035271234382442,12.183898566117902
35.16694857716485,10.31012110875155,14.267592611385753
34.37556476568675,11.004555539642762,14.70699443223657
35.597746958891925,11.052676630751725,14.178943067091387
32.988549179443794,11.745247401639007,14.534298805741669
35.6111732713034,10.988003028488759,14.179124736200633
34.596433217944174,11.214346608918591,13.53007208432425
33.73666246585253,12.530384693107806,13.055413796601723
34.44259598235773,10.944590654584022,14.2152082340846
34.26713174321608,12.647811553297142,14.757897891646426
34.47139104208253,11.464704275589407,13.14272245012227
35.90718588236492,11.154156577312454,13.828226157675205
37.25266525053307,10.89007553338215,13.886245306581632
34.11802969837599,11.676201105659262,15.492933433633453
34.8814946350255,12.220852428648032,14.644141314054295
35.230901101410005,9.810826681445251,13.321131523997645
35.52079089452678,11.631290665400389,13.805351560566628
31.62043817909049,11.155186232690696,15.199072425300173
34.88429192028621,11.75171092799354,14.488326655730983
36.21090551934168,10.770604761600442,14.541414158373046
34.319273623425325,12.142431187943302,14.742436040415987
33.83684589328199,10.937974050605964,13.631558864269714
33.533376829935705,10.977362495212393,15.035294728703436
34.51613619674222,10.340646315867664,14.793334629219801
33.32043366665431,9.255237751148307,15.34006947753627
35.89889618661672,12.759600698980229,14.002972402154182
33.7346787574945,11.107134807893939,14.938517116678945
33.65970183831439,11.793147686780936,14.299027902063981
33.88795841626938,12.012867277380465,13.271395962215303
33.59279125635761,10.779516363601749,14.537855204797179
34.39060455552769,11.666269872600305,14.428933842602262
35.36558838263528,10.139876124839663,14.24797026510103
33.570190641417526,10.578485745931099,14.014142470190423
33.2254877827195,11.196167938786749,13.471354810165332
34.61520783788331,9.43280091849353,12.393517111512063
33.972330961234526,9.787435649747593,15.42564418437661
34.90314593956844,9.263029957556816,14.892726228840447
35.07498304332626,11.899544367786252,12.99160599431226
34.915813270325366,12.885825647950014,14.597081780961771
35.26325215756861,12.000629400606922,15.507894267376164
33.59956633990566,10.009756063207332,13.746020372042095
33.67416136669196,11.29945820454951,13.333026930436636
34.18249973728599,11.349194923584246,15.464110921021733
35.17772748274623,9.889689709167978,14.732431868540662
33.568083532327584,12.847058533862212,14.777472110184723
35.26020178955727,12.532968322176476,15.441090956597632
33.89263506300746,11.035875890072248,14.58548855457016
33.026982479888616,11.817246767094035,13.230154841448119
34.8374752493705,13.65207348253425,15.73825586562396
35.15160037171815,11.01710023916513,14.321113193469891
35.83650069863671,10.128263532013856,14.009734591097722
34.611959220025796,10.008046118838845,15.652102359954299
34.715383046251944,10.819763072144776,13.89565634633862
32.73104620896582,11.952205838097257,13.251845938952263
35.081759690300046,8.83248457178761,12.91151557506962
35.86150977815374,12.428645680594,14.768689796960086
34.26121813023826,10.133556272324945,14.46097485437641
35.253856215680834,10.13660676958207,14.64839962767523
34.158073180130984,10.932298666889254,13.216634168609046
33.94549776772422,12.489690041863456,14.230788806891129
35.37589516447861,10.597397272734083,15.109655071215903
36.0709555871389,11.522175689004666,14.820208006366286
35.304311044669824,12.731357836002415,15.642060361047408
36.506372237015434,11.911822717629425,13.959335511098917
34.624922485335674,10.895091165438735,12.832114356785693
35.431726123435794,11.82284852147129,15.402452184558713
33.686452275383935,12.28946675999282,16.82543284800652
35.368009557651796,10.667576583495588,14.210223668650375
35.28820892989729,12.286681249307938,16.274689969857835
34.3004913580799,10.357981081183317,15.331942232847702
32.80354741504935,11.643638238782628,13.465679395019002
34.56521754044213,13.027193118754736,14.184877022204534
32.3259444851288,9.097836889552841,13.25779270936952
33.77226083579231,10.596470128739721,12.147523191410304
33.48608946226713,11.288723039767746,16.15443202898241
33.90676003349812,11.791990139832684,13.918569886338434
32.821635747543766,11.499712359182926,13.958715437645266
35.11063622629027,11.537425692431064,14.044332507071198
34.424188857344966,10.839585036690945,14.62869781184601
31.8950921064233,11.110766985502147,13.605505517609794
35.262408368360276,10.694360454283743,13.746533463695721
34.978774463841845,11.688288932345035,12.161643436269514
33.88946035545545,10.159219129382532,15.616817187612465
34.21334731379326,13.007130931796318,14.10116823299017
34.48640038595759,10.976919796468911,13.801992410153247
33.58444402292959,11.625291214407863,14.662402304973632
34.824381570696154,12.094412610932602,14.246545619556935
35.41711329919456,11.740362520455708,13.767273202713252
33.723106433716026,10.521241578903968,14.243508319554326
34.86093509905793,11.915252263855425,13.042071465987034
33.368089875628414,12.010816927382594,13.47495625466742
34.65806929829788,10.231213628739908,15.051181031384568
33.54220031919949,11.159299239777392,14.798857853844321
34.08005961576961,10.776639245703,12.483087305865947
33.011079470564916,12.066651393905687,14.421398957643836
34.23084854847296,12.037577972461591,13.576318259569307
35.886901421661435,11.231151137177827,13.966878582244771
35.358694915542685,11.691269997368046,14.657214124988737
32.90420213575749,8.540822492745367,13.388041324310601
35.122374849459455,12.717106572186555,14.63572706979626
33.740508235348706,12.048135133885468,14.396884014246451
37.264605701936034,11.252926351994345,13.296977747462885
35.54846679591927,11.424796481780055,13.013779249561995
34.71158917271296,11.439003052140302,15.970057432240987
35.330227428453206,11.78018845300846,16.32612150271137
34.48512125058284,13.053683665420282,14.883544740450882
34.8821950213066,12.60788303551037,14.403265030305874
33.757875088468566,11.283690547303861,14.142649638310742
34.643141627710484,9.511481384842037,12.622841781596783
34.57095933748459,10.857442770708726,13.915679201065625
34.40656570351716,12.171859162979324,13.792380797316687
35.90139818331461,12.385471714560659,13.640950337633964
36.51706110728785,13.21883754900482,12.147042657740528
33.186940995087774,11.887247615700703,13.459369673001321
35.51638772680224,12.111955363675815,14.188518207166169
33.093156959055314,13.04429728582999,14.325806177538704
35.45189162976476,11.07787537140476,14.600051130845552
34.70222000691299,10.567417689847945,13.775365417931324
34.99457882555,11.617937659086774,13.928742067352983
33.61792785013223,10.46547708291563,13.110565064972606
34.72808128027156,11.995547744651429,16.315629872806102
35.47296592828387,13.05050869001479,15.021512209590604
35.80306695097728,9.959095952863183,17.79634584701651
34.07569800264002,11.464877187357851,15.65716179741577
35.55172916333625,10.052028042830564,13.158080319451111
33.97450228228357,12.589549475654772,14.207926412959749
34.09998055258196,12.547885610624721,14.866058921447795
33.449319241136706,10.70084819824785,13.797202877475625
35.116298138230114,12.81235404728346,14.448241571053467
35.32885368915661,9.57188595246086,14.770420298560492
33.17827274442871,11.435781282828758,13.169437533168432
34.6746651593228,11.307996525271665,16.04520082318713
35.9960151577674,11.058551392114534,14.220202077637854
35.36000380781957,13.828569490690096,14.32431211779903
35.105263986449614,11.436448748466521,14.120758022496391
36.64841490375263,9.909893000751929,14.523568739387876
35.548295537369846,11.474622839607957,14.965198845817325
33.78796098221691,12.735547784426528,14.807288485259306
-0.09263222828889339,41.54945673470961,49.17772247574626
1.9865680910654095,40.820624113855665,47.74802305181164
0.4247813142147929,40.67840540664241,47.384158662271766
0.6354503663340151,39.4975595366034,48.87727577004257
0.9129651808546433,41.131779456275254,49.93678942497629
0.20144175234958883,40.406836699968466,48.46371106922903
1.3087032692592806,41.69860719709195,48.70411228512587
1.912785256583863,42.20076360664506,48.790384704102074
1.2407867940619686,40.747347139054874,46.77775320954839
1.7993965128465037,40.925607965497335,46.586428283506315
0.25081600027824424,40.56095686927951,47.466771586529724
2.2335376024115092,39.58644129562944,49.690337771262456
1.539290513980536,42.16844229144123,47.703577875033076
1.8324227836924663,41.24266418350545,46.644064892466794
1.282071589988639,39.97665695644611,47.67485181169683
2.3164115363385394,40.647581158531175,47.42412673853833
1.0646935487899796,38.64918393471918,48.20154546026165
1.3206773019656255,41.366634242805524,47.555523611815424
3.1187663967297548,39.5242030140566,49.132498459159564
1.2259917638539732,41.399720597935314,48.08018748398104
0.23499367882736566,38.30847168622767,47.257685770635945
2.353283435667357,40.468572193250175,47.89026759362791
1.364769527910577,39.26756613697412,47.10081554277677
3.9352696219174192,41.40905241345815,49.482988111723394
0.5359278910859816,38.79610603878047,47.73908919629283
-0.5811967489918595,40.576354462691356,47.152948852089594
1.5616965473464108,41.15140168247432,48.10556427133804
3.0472992768584835,41.57409468219802,49.932443066765195
3.0951542017692244,41.06355882818469,48.15622664101176
0.9265526119882185,41.740337790646706,47.52812764704323
1.426482625808425,42.057776990749836,48.61358729863085
1.3358208015030908,41.298844537303815,47.817057579540545
2.205749425937139,41.53661166328049,46.04585699593119
1.646321133135358,39.78761313083101,47.84755427315171
1.2589855469799751,42.074978409914735,47.46415500357234
0.590785309079531,41.44245340192038,49.04767095136301
0.9965241385625472,41.095861098551644,45.296824011334934
0.4540032487483532,41.52563632602905,47.564030145347935
0.45793517446343146,38.08042444440122,46.1896422864054
0.12141432516963313,42.5056746849434,47.07898572640296
2.569420560169151,40.52917610346699,47.63853841947815
-0.024983536872264844,38.27774413916686,47.44015333996286
1.0986631552148403,41.62519393803662,48.00588863678017
1.4561370855112474,42.0935699814323,46.787699556790194
0.6454036198409453,39.347526884652105,48.10671635444582
2.029106662806026,41.78934279271612,48.298059148696176
0.3162338228016144,40.334402075789335,48.54418849279637
0.8194869535739678,41.23764621151055,48.169031814058236
2.3111814903362955,40.32146971902614,49.310929664661394
3.267237974987994,42.27223590325153,47.974756612639624
4.3343372692106845,40.45091739633058,47.45346111789015
1.7800561077451351,38.521855857814415,48.21051822617262
0.8668670480597928,41.429308833365596,48.19399444763213
-0.7842198643238629,40.73536847652284,48.20689751202753
1.4951300632691331,38.73531451385536,48.499502402713176
2.366738639768808,38.64814401703397,48.97113780149087
0.3413525941424229,39.918632854213165,47.460885521924254
-0.8387189048867114,41.85189350544834,48.095151147318795
2.0527744942785726,40.890973016048996,46.977220772818505
0.7357902349652736,39.639148110064646,48.395308632576224
1.598885731725341,40.2017298100924,46.957508898759194
-0.35661979134055843,42.6583857529076,49.40678390846784
0.28140154695213737,40.60663528412532,48.9163307698184
2.225553381836056,39.46514842534573,49.81874317219735
0.03266773520256261,42.65946620961401,48.32688608833115
1.2939984112922094,41.491829274338016,46.802042835704164
1.8898099363931253,40.72491041839695,47.70389952983199
1.6697637932783416,41.04866727583505,48.01001835978284
0.903024588866348,39.91541011240814,47.65003723562924
3.128710112945763,40.870844673783886,47.74988033283985
2.1578514388313157,40.31915016018802,47.833511024405844
1.103760000093317,40.12154299625465,48.40707302115465
2.505980618298975,41.04430554741737,47.20115770140462
0.32776415307302,40.25664159252626,50.09159266751588
1.9231747893232671,40.14741034683476,48.588006912345314
0.5047740621569584,42.67074331230476,47.504998388904674
1.5398722693842155,41.13071531496489,47.793813943999766
1.8264983929619243,39.145007850176896,49.347033698783
0.45272868521164655,38.91690012928617,49.78973537953686
3.2344711230121614,41.69340501341767,46.353178128494235
3.0644612072302966,41.110993222594985,47.55751416051682
0.6584062796760406,39.86045826927535,49.415080945492505
0.6808655022063519,41.01153021318109,46.8685837748484
0.27997953171977685,40.517894755479375,49.108949749950504
0.3091191447259325,42.821975191407304,47.18814518333379
2.6431045621336704,40.57729757555296,47.66733489647671
2.346376590311641,39.44125814064548,47.08845568783965
0.8625432705334758,39.21775100809973,48.373940394856746
1.426347801995291,40.563005874944295,48.962885070723964
-0.2760139025358357,41.34877465899238,47.00033043883008
0.9253814183453104,41.62363963975047,47.21745131773359
1.9526549312354622,39.92101504181318,47.67845295995821
-0.6452703051574789,41.3728112530003,48.426469771002836
-0.03981173620981071,36.8977659255186,47.69553220382148
3.3218332537040824,41.7861306973669,49.5794606313887
-0.4255035639732172,38.93937665640298,48.1570255421638
0.14670899923336767,40.034974531921236,47.648963990389774
-0.25803962194577323,40.031148862054714,48.76909849657392
0.3853119949859958,40.437843726956075,47.601480585717596
1.6470532667363065,41.417446271450935,46.55845880833714
2.681306589618913,37.70778201542052,47.94770991306246
1.4758649286709418,40.79144918479162,47.66384769981478
1.9162132129025309,40.84548842952419,46.25754967537331
3.322856533803045,40.055342306406075,48.28940570571983
0.8699639892667695,41.48986912818392,47.76323167929876
1.3887157542051531,42.268489428240024,46.32144093048092
1.322197984359429,39.507182280320194,47.847787945770996
0.61849662619811,40.086779991425,48.400836117718185
0.8321817690272036,39.98684758056596,46.92823228827825
0.4258691317822183,41.381755456920104,48.41186280150775
2.1100805127327296,40.00843215254899,48.08955256973494
0.5657116886070305,41.767991219080194,47.80675899291573
0.35173381939176074,40.51429489492896,47.84342880036704
1.9481649890700172,39.04099805785369,46.95297454423059
1.4754351290141028,42.473177540630964,46.1542586147479
3.246372966258371,40.563806627781,46.4423051201638
2.415169637058702,40.25205972889337,48.511923747030075
-0.1005168932953866,39.12750281166304,48.11345987125906
2.382659754037731,39.88696529421978,46.85180169474468
2.4605377939605235,40.199079368615955,47.69145659585392
1.5769934076145087,40.1483721733764,48.52549780141336
1.344767432694196,39.4707108504329,48.35660811878291
1.0981392423840115,41.49459579574571,46.366645379346
2.9254437350336118,39.10652481104545,46.4079012165751
0.714818154170732,40.13841025445308,47.77103590109064
1.3815707998864102,40.280840213159465,48.09311057868045
-0.570593304496636,39.53850846155108,47.05984521228311
1.006846525060964,39.552147149956404,45.98506561799459
-0.4627134821435219,40.68833715268879,47.782926948604306
0.4690306863805902,40.14586740640671,47.552188137406475
1.2621473011470428,41.79141638226487,46.68469912472919
2.4219340577502457,39.48694099240166,47.89529245421473
-1.1597900369972667,40.104981382840705,47.03602761032899
1.8947903943601363,39.804706804935606,47.934707300220175
0.8540402669754943,38.72681629212827,46.587355365185374
-0.4001891262248414,40.51476806722106,49.24469388561437
2.6137230173517874,41.42458123170411,46.85464285933816
1.9945218652688528,39.88430078662138,47.843146075262005
1.215915539591399,39.783863781495775,48.88891168810729
0.8361939704571714,40.56582882078506,48.79552074170479
0.8125690102655627,40.86874725024369,48.593409678497586
3.0103629895841815,39.54021165348951,48.294582145392205
